64 32 4096
1 32 49 56 25 52 23 33 46 15
7 45 30 25 14 9 22 4 16 3
6 24 45 46 29
7 53
7 7 34 3
6 6 45 14 43 38 48 3
7 34 54 33 29 63
8 24 16
7 33 30 38 45 43
6 15 22 21 19 6 57
7 5 16
10 25 11 10 21 58 39 13 30
7 40 45
10 40 53 44 46
2 21 32 10 35 38 33
3 3 22 23 60 16 45 57
2 44 27 41 40 52 58 10 62
10 59 63
2 20 13 6 41
3 15 28 31 1 8 5 33 37 45
3 3 10 62 19 58 12
3 25 16 36
10 11 21 43 17
4 47 50 60
6 17 12 9 21 26 22 30 19 53
10 26
6 4 3 12 0 36 1 23 5
6 42 37 54 50 39 43 36
10 39 52 53
8 34 59 1 46
4 42 22 26 21 60 63 51
3 44
8 40 51 32 4 28 34 13 10
1 2 8 12 32 25
2 53 32 1 42 10 47 8 9 11
5 54 59 10 19 4
4 28 5 37 22
1 0 18 35 41 8 27
8 13 59 54 61 39 28 41 49
7 30 21 20 37
10 10 34 52
6 39 34
10 25 0 43
9 17 28 3 9 18 26 7 2
9 21 13 4 52
1 56 37 18 30 3
1 4 3
6 32 29 23 63 5 53 38 7
1 9 5 15
6 13 26 12 15 20
4 17 9 32 33
8 3 57 63
2 25 12 42 62 41 1 0 13
5 41 6 0 31
7 3 63 0
6 7
10 23 63 32 59 56 53 15
2 0 10
5 49 60 6 21 44 28
8 10 45 30 6 59
7 26 46 54 30 60 40 16 38 24
10 31 32 15 34 22
3 29 30 6 38
10 59
8 16 29 19 27 3 14 36 4 6
4 38 18 46
6 51 3 58
9 49 42 43 1 23 39 30
7 33 49 39 43 10 1 26 56
10 56 48 6 59 11 37 43
4 37 58 18 51
8 42 39 26 54 61 4 36 60
3 22 52
3 16 8 25
9 34 26 25 20 17 6
1 17 63
2 14 38 31 48 55 24 59 1
5 51 42 7 16 22 26 25
9 13 62 47 60 44 3 37 35
5 40 36 16 60 46 10
9 44 53 28 46 10 22
6 48 4 14 33 51 57 3
1 53 22 36 11 45 58 16 61 57
9 58 14 32 37 50
5 19 42 23 11
9 57 20
4 5 17 59 58 29 12
9 11 45 56 1 33 17 36
2 31
10 5
4 44 57 56 11 32 31 7
6 57 46 55 7 21 30
4 7 19 34 46 29
3 32 60 62
3 20 9 63 21 53 17 40
5 7 1 16 39 38 0
1 26 32 55 6 49 58
1 49 2 7
8 13 16 15 33 38 21
10 33 34 56 30 25
3 30 5 49 51 53
7 10
2 27 3 43 37 5
9 8 27 15 48 12 14 43
2 40 6
3 57 50
10 8
10 37 13 34
7 53 34 24 11 0 32 37
8 16 22
7 18 55 46 9
9 43 50 26 24 5 37
8 54 41 39 34 25
5 3 58 10 46 48
10 23 20 36 49 52 10
5 13 33 60 12 20 15 17 27
10 15 41 36 5 59 30 60 40 52
10 61 9
6 18 49 56 25 54
10 30
4 50 59 63 7
3 51 23 57
1 61 11 26 0 30
7 22 27 24 7 26 49 32 41
10 60
4 43 31 45 14 35 34 32 15
1 4 42
10 52 24
2 32
6 44 23 2 33 34 46 4 54
5 30 7 63 50 51 55
4 14 56 24
10 21 32
6 6 42 63
4 51 29 21 50 38 27 1
8 8
2 6 38 58
5 18
9 9 41 1
7 22 44 47 36 38 29 31 19
3 56 5 24 16 63 1 2
3 3 27 11 16 28 40 55 43
2 46 43 40 60 30
7 19 6 13 35 34
5 24 36 47
2 53 29 57 28
8 63
1 9 32 62 8 50 43 56 31 7
9 7 38
6 5 26 23
3 37 0 24 42 3 48 41
4 6 47 33 25 24 32 26
1 19 52 26 28 33 38 15 37 46
5 15 35 6 29
5 50 37 30 57 11
7 49 39 12 29 2 15 32
7 29 22
6 42 28
9 53
8 58 31
2 56
2 15 42 27
5 16 35 13 54 4 34 40 17 27
9 26 33 62 56 61 40 55
4 60 51 50 16 43 2 29 56
7 12 49 56 43 15 17 7
10 9 4 25
10 2 41
3 58 26 0
6 37 9 3 17
10 32 27 9 41 3
7 35 26 32 14
4 13
7 8 38 4
3 36 22 44 20 61 24
2 20 41 56
7 26 61 28 62 33 55 32
7 52 5 61 49 60 38 37 9
5 11 5 16 34 43
9 50 53 43 40 11 22 49 21 57
6 13 12
8 61 41 26 58 54
4 6
8 35 28 30 24 52 2 46 13 14
7 63 27 48 29 13 46 38
9 62 3 51 57 42 2
4 18 9
7 18 45 51 55 61 41
3 60 4 53 51 9 40 39 27
7 27 37 56 58 22 11 62
3 53 6
3 16 59 44 51 56
4 30 27 9
8 0 30 6 58 60 59 51 11 46
2 46 34 26 55 61
8 28 61 42 36 54 33 25
5 10 7 9 2 5
5 52 39 35 22 50 3 25
3 3 0 21 6 14 54 12
1 38 29 60 32 6
8 53 18 57 3
6 23 43 36 17 0 33
8 6 19 63 30 21 32 59 52 57
10 41 3 13 44
2 51 22 45
10 32 39 30 47 59 5
1 39 33 41 50
4 46 37
6 34 30 31 24 23
6 6 51 48 42 23
3 1
9 63 20 54 55
8 2 43 22 35 15 42 5
10 14
9 58 55 59 46
5 11 42
10 8
5 53 51 43 54
2 23 16 34 38 63
5 61
5 6 42 9 31 39 25 36 37 34
8 16 27
4 28 57
2 15
7 24 39 50 56
3 26 42 51 62 10 7
6 17 56 22 51 21 12 16 41 59
8 14 50 42 19 31 61 54
10 53 31 33 63 15
5 59 14 32 36 60
5 50 47 33 57 20 26
4 23 35 59 36 7 44
8 31 62 45 14 61 26 46
3 31 44 56 45 55 1 43 13 14
6 23 50 63 49
6 12 19 41
10 21 31 18 39 44 37 58 55
1 31 12 0
9 22 28 4 40
2 25 24
10 34 3 47 33 41 12 2
3 11 33 59 15 18
8 43 56 23 1 54
5 0 25 29 53 62
9 19 60 8 22
10 42 38 32 50 30
4 37 31 39 48 60 7 34
7 32 2 25
10 53
5 48
10 12
6 36 49
10 62 57 31 40 50 2
3 13 30
9 49 31 60 59 35 34 24
5 2 62
10 35 61 46 36 19 54 32
1 42 4
10 7 45 15 35 39 52 4
9 62 17 7
2 36 23 37 11 20 21
8 59
8 33 4 12 1 26 0 3 21 31
3 44 11 27 58 4 13 38
2 63 34 38 62
9 62 35 47 31
10 47
3 29
4 9 27 3 1 57
7 32 14 44 63 17 8 1 43
1 25 7 48 42 56 59 45
1 39 40 7
9 29 49 26
10 29
4 38 42 16 21 41 17 48
10 40 37 57 23 8 3 56 35 51
8 53 13 43 63 58
5 13 34 48 45 57 14 42
5 26 39 22 3 37 10 34
1 37 27 10 56 61 15 58 18 59
4 24
10 44 22 46
4 4 57 13
10 7 11 23
1 5 33
9 58 51 57
7 26 14 33 34 41 1
10 46 45 15 49 27 40
8 51 2
4 34
7 44 47 59 33 39
7 4 15 8 13 30 43 26 34 7
7 19
2 12 35 28 60 29 36 19 6 25
8 12 14 27 52 31 60 30
6 33 49 14 41 38 24 34 2
2 8 1
9 63 16 56 48 22 51
6 35 27 13 52 12 16
10 36 21
9 29 50 47 42 0 60 45
3 32 14 19 16 40 11
5 15 57 16 3 26 9 44
4 18 50
6 54 2 10 25
9 1 10 17
8 17 43 30 0 63 15 31 57 37
3 63
9 57 26 6 31 61 53 24 1
3 19 60 57 17 49 5 13 26 7
1 38 55 21
7 33 7 39 14 63 15
1 25 37 3 28 10
10 12 49 5 3 45 41 6 20
9 49 20 4
4 52
3 8 17 53 40 62
10 43 19 10 38 25 31 9 11
6 3 48 33 20 27 57 14 43 40
5 39 15 9 37 18
7 37
8 4 52 55 5
10 32 24 8
3 4 1 23 36 43 24 35 6
8 30 49 27 14 18 37 3 8 48
9 57 47
9 28 40 10 34
3 58 57 40
7 59 49 56 9 45 0 40
7 46 34 15 8 54 60
8 14 60 31 0 58 56 35 32
8 23 57 7 34 63 33
9 48 30
5 14 53 48 56 52
4 57 33 46 19 47
1 32 16 58 25 52 30
1 59 33 45 20 41 34 63 24 0
3 55 62 31 5 4 15 54
6 10 27
7 38 18 6 19
10 8
2 10
10 60 42 4 7 22 45
10 45 8 7 46 37
9 28 48 3
2 56 2 4 14 52 20 49
6 61 21
3 0 13 52 45
1 56 50 31 6 0 11 20
4 21 4 28 39 53
5 46 12 13 3 43 11 4
9 17 22
4 9 26
3 14 31 3 60 23 26 44
7 5 28
1 0 39 18
7 18 4 48 25 60 56 30
9 33 30 23 50 18 61
9 62 12 13
8 17 41 4 28 7 32
1 53 49 18 47 55
7 26 34
6 51
8 10 44 37 54 18 23 9 36 22
1 38 25 16 48 53 23
7 31 58 42 5
2 11 55 1
8 21 11 59 58 26 1 0 56
4 27 39 44 6 54 36
2 43 8 4 36 62 42
5 13 20 39 30 1 37
5 28
9 13 60 51 34 8 15 11
1 13 27 45 43 29 11 0
6 34 9 8 48 43 31 14 1 15
9 44 2 23 10 55 56 21 15 20
2 34 3 26 15
10 0 44
4 19 13 3 4 34
5 14 15 45 37 26 30 46 53 7
2 13 63 4 26 46
2 5 58 2 63 45 11 10 60 35
3 0
1 2 35 22 41 24 30
2 61 9 20 24 59
6 12 58 43
2 56 59 35 41 13 19 63 7 12
6 61 3 4 20 10 30 46 23
3 45 58 28 44 29 10 40
7 7
5 17 28
3 0 30 57
1 57 42 10 39 30 56 24 62
1 32 12 13
1 26 24 19 31
5 50 1 39 43 8 31 22 13
4 61 1 55 5 8 30 56
8 45 13 28 15 32 9 58
9 1 9 63 47 26 44
4 21
6 7 24 12 11 17 23 1 4 46
2 56 53 42 28 41 32 27 33 1
4 29
10 37 28 54 30 13
3 5 14 23
10 63 39 9 56 8 55 57 4
1 42 1 11 13 5 36 58
1 14 1 63 12 24
8 15 7 37 51
2 0 59 6 51 5 60 2 9 57
7 21 19 36 41 33 27
9 12 15 36 52 32 48 63 3
9 29
10 19 22 24 35 43 32 58 9
3 42 33 60
4 28 13 23 29
10 16 28 30 14 20 56
4 33 47
1 53 51 34
6 7 22 29 61
5 8 57 49 16 53 60
1 30 22 57 16 49
7 1 59 15 4 46
5 2 28 8 62 32 61 47
6 8 12 51 24 49 30
7 37
10 34 10 59 27
9 1 17 21 18 8 42
7 4 37 2 23 13 19 54
5 29 10 9 2 1 53
5 7 6 27
2 24 13 38 44 15 22 51 17
1 33 41 49 31 40 25 15 61 43
6 2
1 3 49 11 59 51 22 61 10
9 56 19 35
6 24
8 10
3 2 24 13 45 55 9 37 19 16
6 35 13 59 41 6
4 5 61 18 4 44 46
6 43 1 21 56 48
2 1 9 17 27 10 54 52 49
3 24
5 11 54 59
9 56 23 32 55
8 58 25 16 36 39 32 34 0
2 12 6 5 23 20 27
5 46
9 59 63 50 31 39 5 10 40
10 9 34 21 0 25 33 35 14
2 17 32 11 31 50 59 51
6 46 11 39 52 34 49 0 30 57
2 34 28 4
2 53 49 54
5 50 2 17 13
2 37 24 58 55 21
1 44 39 29 43 52 23 41
2 49 8 46 15 12 9 44 22
9 45 14 35
3 30 49 18
10 23 2 46 58 55 8 47 25
1 57
1 40 59 32
7 5 20
6 38 28 17 5 4 15 18 24 40
5 38 63
8 6 9 48 18
5 35 12 1 34 28 26 56 62 15
6 33 41
2 56 6 19
1 33 55 36 28 4 27 22 12
9 49
4 33 26
10 33 5
3 15 16 6
3 61 53 5 4 32 41 19 46
4 6 4 63 11
2 23 33 30 17
2 27
10 45 52 35 57
1 33 54 32 41 0 12 27
1 2 16 9 4 15
4 2 9 51 52 25 56
5 6 52 43 45 1 41 60 42 24
6 61 60 2 57
2 21 54 8
9 37
9 1 62 5 40
9 49
4 1 2 13 45 62 29
10 21 50
3 31 44 30 43 62 4
5 40 62 24 55 6 8 34 32 36
10 29 63 55 24 47 52 7 48
7 47 40
8 19 5 9 12 62
3 8 2
9 13 46 54 0 33
4 3 9 40 0 2 22
10 6 8 44 31 58 61 42
2 10 43 47 51 16 30 21
3 56
1 15 62 63
9 27 60 21 50 3 12 62 8 48
2 58 50 9 26 13 51 62 3
8 53 6 26 25 12 63 18
8 15 60 30
9 62 8 6
6 21 53 20
7 24 32 25 2 33 49 12
10 58 18 6 53 23
2 22 40 63
6 16
10 1 22 8
9 8 49 5 21
3 29 5 22 55 4 63 21 59
8 49 56 59 23 36 42 53 19
2 50 35 21
7 0 37 9
3 16 49
6 36 56 13 5
4 57 14 59 3 58 48 41
4 28 37 36 26 32 18 54 16
2 53 60 42 28 36
5 14
3 6 23 22
7 11 45 20 62 22 2 23 17 57
5 7 10 18 52 42 26 36
2 53 5 11 21 62 63 9 39 24
9 1
4 55 62 16 54 53 42 45 58
1 13 14 58 40 19 26 33
6 38 58
5 50 54
8 40 11 62 12 44 50 31 22 2
10 19 49 39
7 41 58 8 53 18 22 17
5 46 24 8 34 15 14 36 19
1 56 49 1
5 52 56 15 57 59 7 4
10 60 4 54 38 20 52 15
3 52 34 12 55 14 53 51 43 37
4 62 61 30 43 29 20 47 56 37
4 38 47 1 18 27 7 37
1 58 0 61 18 60
1 1 16 50 33 0 52 56 62
2 35 41 38 3
9 40 17 33 38 51 22 36
7 61 0 63
2 38 1 60
6 28 46 16 36
2 60 7 55 34 16
9 32
8 32
3 12 8 1 39 21 40 5 58 57
3 30 20 59
8 11
10 56
8 48 10 60 6 33 0 63 36 41
3 62 35 61 26 8 20 54
6 63 43 35 12
9 34 56 60 6 50 7 41
8 63 18 4 47 58 52
5 33 58 0 1 37 55
10 34 39 48
8 31 33 32 28 23 29 60 44 48
7 37 0 3 19 18
5 27 61
4 30 15 21 47 20 0 43
3 7 35 44 55
8 11 38 57 33 19 32 21
3 62 5 25 60
3 18 21 6 10 0 17 9 54 8
3 23 21
10 18 60 3 10
4 62
8 54 14
9 34 20 21 47 18 56 45
10 24 4 53 16 61 28 49 26 27
8 57 8 2 59
7 9 13 14 4 12 34 23 58 15
2 60 55 59 63
7 33 32 26 10 11 21 3 42 24
7 46 55 1 8 38 13 50
6 25 35 40 55 51 56
3 4 27 0 15 42 63 52 1 18
9 53 13 18 35 58
9 35 23 62 9
3 36 27 6 37 9 0 38 49
9 7
7 58
9 58 35 5 37 55 6 63
6 35 19 63 56
7 14 31 39 57 16
2 15
4 62 30 11 41
6 26
1 22 35 59 24 28 27
4 40 33 62 57 50 58 19 38
7 19 23 34 29 20 41 47 8
9 17 9 61
9 55 20
5 57
9 19 13 33
7 5 36 8 13 16 55
5 52
1 15
5 32 55 0 33 10 30
4 11 53 59 5 35 33 20 16
5 2 29 18
6 45 60
10 47 3 38
5 14 27
8 30 0
8 53
9 41 19 17 36
2 17 50 29 24 58 35
4 33 15 11 40
8 46 58 23
6 36 45 61
1 20 35 26 40 12
7 32 14 19 7
3 40 2 16 43
5 56 15 58 14 43 28 29
4 20 17 41
6 30 32 45 20 1 12 11
9 27 5 28 61
2 1 47 11 53
10 17 32 11 49
9 24 21
1 34 2 58 16 18 31 7 52 42
7 44
4 20 29 36 32 7 14
4 10 59 6 49 16 44 27 33 31
4 55 62 41 46
2 25
7 40
2 23 30 47 37
2 39 18 15 40 32 36
2 43 34 13 11 52
8 43 55 61 56 35 17 53 3
4 21 38 16 31 35 24 6
10 57 5 24
4 15 46 9 42
3 10
3 11 13 43 28 8 58 39 45 10
1 29 42 30 11 13 34
8 10 34 52 56
8 18 2 52 45 56 15 19 28 27
7 7 47 36
6 59 62 51
10 61 32 36 4 41 35 17 26 12
4 25 22 61 23 37 34 32
2 56 6 8 38 28 17 2
9 39 23 6 58 29 2 61 57 31
3 40
7 24
2 20 29 43 26 0
5 56 8 6
1 24
10 42 29 46 13 16 39
5 1 17 27 57 16
2 59 51 45 43 16 39 1
8 2 18 8 12 38 60 62 35
9 4 48
10 40 45 58 10 11 53 42 6
1 1 27 12 34 2 24 58
3 6 10 14 51 37 13 19
4 48 9
4 44 38 23 3 2 49 21 63 35
9 58 34 20 30
3 35 16 44
1 49 63 13 30 16 36
3 30 59 38 57 12
10 7 8 21 5 36 52 49 43 35
6 39 40 10 20 8 0 53
7 50 15 25 5
8 11 45 34 44 24 12 0
2 22 43 51 62 41 0
10 36
3 28 11 2 42 13 63 44 30 50
7 1 33 8 34 21 42 48
2 29 16 62 43 50 30
5 53 54 58 9 7
4 38 60
9 32 11
2 21 35 0 1 42 40 52 61
5 13 9 41 48 40 61 22 30
6 25 38 27 21 42 51
3 1 37 18
4 30 56
10 40 48
4 63 34 57 37 8 54 50
4 0 25 39 50 59 56
7 25 6 22 32 56
4 28 56 42 32 8
6 17 55 25 63
5 37 24 17 7 41 1 58 61 19
5 37 44 6
3 50 20 18 40 34 13 37 17
2 45 0 54 14
8 7 34 16
7 30 25 38 4
4 50 55 57 54 53 6 36
6 7
3 15 25 3 0 38
1 32 43 63 17
7 4 1 61 44 57
3 9 58 50 12 38 44 33 41
4 32 49
8 62 2 56 14 10 9
9 35 11 42 12 9 23 3
4 22
2 11 32
10 7 48 40 51
3 16 49 32 4 59 22 6 36
9 31 29 56 13
6 14 33 44 16 0 53 63 49 45
3 8 53 60 25 59 55 17
7 16 50 57 10 25 32 51 28 13
2 17 14 9
7 50 54 41 29 57 23 53 25
2 43 38
9 44 55 58 49 27 37 38
3 24 14
2 30 2 24 38 40 34 58
10 22 21 0 25 2 61 26
4 38 46 57 33 22 3 23
5 17 25
10 6
7 51 12 44 53 33
7 6
6 58 42
7 13 21 44 20
3 1 16
3 20 14 26 54 45 58 30 51
5 35 34
1 48 58 28 14
7 29 57 47 43 54 14 7 12 34
8 34 6 15 17 31
4 19 12 5 14
10 61 6
8 20 43 18 49 25 47 26 55
4 32
8 47 7 0 24
4 60 30 1 22 39 59 3 19
4 56 5
2 62 16 29 3 47 4 12
5 7
5 53 18 59 22 47 51 31
8 4 14 48 18 44 57 16
7 39
7 35 44
2 34 56 58
10 47 34 46 16 55
6 20 5 12 13 57 19 35 2
1 63 16 6 42 12
8 4 22 29 2
10 25 28 49 2 53 18
10 29
7 44 19 24 7 32 57 54 50 41
6 26 13 45 27 20 35 55 6
8 34 62
7 54 40 15 19 51
9 20 21 17
1 40 53 33 6 43 10 3 61 39
2 33 39 13 4 50 47 56 25 16
8 2
5 49
4 7 30 52
6 19 49 14 56 36 32 9
7 18 7 53 32
8 61 54
2 60 29 46 59 56 41
8 45 26 48 16 51 13
1 18 2
6 30 61 47 12 31
4 2
8 0 63 59 27
9 32 34 38 28 50 42
3 61 12 36 4 38 14 23
6 61 17
4 47
5 25 42
8 44 50 22 13 53 41
9 26 41 63 15 62 4
1 6 38 55 27
2 15 52 46 35 55 24
2 4 8 2 49 14 39
4 21 60 4 58 16 36 43 8 35
5 0 27 11 59 41 28 15 1 30
3 10
10 32 61 44 40
10 29 57
3 37 21 20 2 7 11 45 61 53
6 37 43
2 13 23 57 8 63
9 10 12 54 16 56 38 6
7 30 5 50 2 9 26
8 62 41 36 0 33 30 58
2 41 54 21 26 33
2 3 45
3 9 36 35 13 5
5 39 27 56
6 1 23 25 46 35 50 41 9
4 44 28 36 39 35 25 37 34 19
6 22 13 32 54 9
10 63 48 47 53 60 51 25
1 55 24 9 12 48 22 13 49
6 36 13 56
7 23
2 1 28 48 57 4 3 13 42 11
9 31
1 11 31 49 59 34 27 39 14
1 33 19 48 25 55
10 19 24 49 62 58
2 23 7 24 42 31
1 10 17 7 12 19 58 43 34 5
8 54 10 3 33 61 17 60 15 52
3 55 1 31 50 47 53 36 30 19
1 37 31 0
1 20 63 3 51 8 41 14
5 20 32 52 46
10 60 41 9 52
5 61 29 27 28 23 10 40 0 15
9 16 3 62 4 30
6 61 8 4 11 39 10 2 20
10 22 0 3 24 19 36
2 4 59 44 48 24
9 41 23 3 13 44 59 29
3 34 27
2 39 62
2 31 24
1 23 56 24 16 62
8 43 34 50
6 51
6 44 4 54 15 63 56 32
10 46
2 26 33 32 40 31 44 57
5 61 48 27 5 38 55
2 18
1 51 38 7 36 52 23 20
6 49 42 41 31 17 25 61
8 24 10 20 47 46
7 13 21 12 20 15 51
1 51 26 25 30 15 8
5 42 61 55 63 21 0
2 30 41 28 63 27 44 26
10 32 35
7 26 36 51
3 52 13 54 53 3 16 41 39 14
8 24 57
3 9 60 32
4 5 18 0 36 27 28 42 20 57
5 11 12 35 0 20
9 27 50
2 6
4 43 1 37 27 6 50 41 17 60
6 26 16 0 19 46 51 47 8 40
7 43 18 30 57 46 22 52
3 21 24 43 18 58 61
7 46 56 62 3 35 45 60 0
4 20 49 11 58 31 51 30 57
6 18 7
6 58 14
3 1
5 30 57 58
9 33 36 50 28 48 49 55
5 39 34 33 17 25 50
3 17 28 41 61 12 15 37 3
2 26 16 62 43 7 60 36 0
10 11 44 35 62
9 26 13 18 60 15 9 36 46 2
3 44 12 33 18 37 36 63 5
6 53 33 47 36 43 11 44
7 50 1 31 24 20 2 3 56
10 38 23 27 8 49
4 52
1 1 63 23 2 11
7 20 58 59 27 34
9 36
4 14 37 43 17 33 61 30
5 25 17 31 58 2 10 21 46
3 1 27 52 15
3 63
10 23 42 50
1 15
10 5
9 26
5 53 1 41 52 14 3 51 36 44
5 61 7 4 52 40
9 18 4
2 48 57 19 32 42
8 12 36 53 59 29 31
10 40 43
3 15 29 53 37 56
7 56 50 53 10 57 34
2 36
6 20 25 40 43 1 55
7 52 36 26 12
8 61 58 1
3 15 13 51 17 34 4 27 14 28
4 15 43 53 27 57 5 29 1
6 18
4 62 51 54
10 59 25 4 2
6 15
10 17 14 4 1 46 33
2 54 43 16 50 49 36 8 27 39
6 21 56 9 7 54
9 32 45 22 41
3 26 12 7 25 3 9
1 23 6 42 49
3 17 31 15
8 51
3 62 20
2 19 57 50 13 16 47 10 39 20
2 18 45 17 34 39 53 35
4 29 17 18 49 26 4 35 54 27
4 35 33 30 36
7 42 34 50 54 13
2 40 4 63 27 18 16
3 36 27 8 48 39
2 33 60 28 55 1 10 24
3 8 0 19 21 26
2 49 29 32 28 4
6 18 26 24 6 35
4 17 9 55 5 4 27 40
4 25 7
2 60 18 21 63 33 17
6 54
3 52 16 55 34 33 13 43
9 7 60 8 28 30
1 15 39 26 2 7 43 48 50 4
9 40 61 58 32 10 63 49 4
2 28 36
3 13 39 21 37 49 25
7 33 36 21 1
8 30 8 31
1 47 35 14 10 49 54 40
7 13 50 45
4 6 39 5 16 7 33 9 1 57
5 35 7 25 20 54 51 32
7 22
4 14 62 52 17 29 31 28 30
7 46 44 1 59 17 40 37 32 52
2 54 34 28
9 8
6 33 56 3 12 46 45 11 34
7 52 9 13 54 34 47 40 37 58
8 18 25 14 43 24 13 62
9 9 2 19
6 4 21 40 16 38
8 9 40 19 49 60
4 23 6 13 31
10 7 36 23 50 15 4 30
7 56 55 36 35
5 60 62 34 28 55 35
4 55 50 4
3 1 60 62 63
2 13 16
1 39 50 11 26 29 45 33 24
6 45 17 8 58 22
4 58 6 56 34
2 23
8 53 62 7 32 63 5
7 60 10 23 9 17 63
6 19 29 40 16 26 5
5 19 51 9 44 42 32 25
6 17 23 15 19 56
5 3 62 24 21 37 2 7 48 61
2 31 21 35 16 42
1 63 36 15
9 31 62 59
2 6
5 5
10 7
8 10 31 7 33 43 5 45
7 28 52 13 9 30 56 47 11 62
6 46 10 13 8 19 30 43 44
10 39 41 50
1 54 24 23 14 37
1 48 16
7 31 39 51 17 34 55
2 35 14 61 46 2
5 37 53
2 29 21 63 44 2 22 14 52 54
5 42
3 33 52 31 56 26 21 62 37 16
5 21 9 16 34 14 58 17 42 43
10 60 0 42 14
3 55 1
10 6 54 16 19
8 42
4 34
8 54 10 51 36 25 7 41
1 35 61 58
9 61 27 3 58 54 50 44 5
9 33 43
5 5 13 16 29 60
3 16 27 42 11 15
2 25 27 41 24 23 10
8 20 44 33 40 17 51 27 60 28
7 61 38 49 60 2 15 24 21
5 28
10 10 24 49 0 6
10 59 45
2 42
8 42 16 2 20 39 34 53 23
6 51 60 8 3 27
3 40 25 5 61 21 23 57
6 50 63 23 46 9
8 0 53 21
6 11 3 7 15 45 33
7 51 12 37 3 31 20 2
2 34 39 54 15 43 23
2 39 37 29 20 17 60 8 49 55
9 15 13 5 9 63 47
10 44 9 22 26 54 29 15 56
9 36 28 45 49
4 42 22 40 44 16 55 58 15 48
9 22
2 45 19 28 38
9 8 39 18
6 51 26 56 2 35 40 50 15 18
2 30 2 39 13
8 16 35 19 53 42 1 46
10 1 50 48 55 54
2 56 5 3 30 37 55 51 13 43
8 25 5 23 53 56 54
5 49 46 15 59 16 1
1 21 49 63 61 34 8 9 29 40
4 39 10 61 30 3 49
2 57 39 58
5 0 38 39 15
6 25
2 19 7 14 54 37
4 30 0 56 35 43 32
3 54 0 34 48 51 43 55
6 39 35
10 20 17 31 8 40 7 35 45
3 39
10 45 58 16 21 3 6 15 2 47
8 20 24 13 19
9 30 31 4 53 20 46 41 29 26
7 37
7 35 1 30 45 21
5 5 33 60
6 3 52 16 6 50 14 24
2 10 6 22 27 59 1 13 7
3 30 34 24 15 36 53 44 0 47
6 41 4 10 7 52 63
7 53 28 55 45 34
3 37 15 60
5 35 56 2
5 12
5 17 8 24
4 43 7 55 13 58 48 62
7 58 1 59 27 12 13
5 30 17 27
3 12 36 19 14 59 30
4 62 43
5 40 62 37 56 29 19 20 44
2 56 3 15 49 19 25 34
1 12
9 20 63 37 62 61 59 7
5 15
4 8 46 34 26 0 24
2 35 63
3 47
2 53 0 56 46 20 9
3 3 40 57 16 45 1 4 30
1 26 17 45 22
5 57 12 10
1 49 18 22
1 13
1 45 56
9 30 43 52 7 59 4 33 8
10 58 56 27
4 5 38 44 27 10 28 29 26 1
1 63 1 42 36
1 41 57
5 25 5 28 2 18 61 24
5 60 11 24 5 32 27
3 24 33 18 35 11 25 31 26
10 52 49
2 21 38 32 22 12 45
3 42 15 7 9 12 51
8 0
8 28 19 16 3 58 53 2 49 26
9 15 61
3 7 35 56
10 18 55 40
5 40 41 26 33 0 6 8
3 58 26 38 44
7 27 43 21 47 59 49
10 10 23 49
3 39 10 24 37 6 33 18
5 46 1 22 0 53 9
10 59 11 33
8 63 40 46 47 48 27 37 2 1
7 42 30 44 32 62 38
9 46 14 16 29 10
10 43 23 8 61 48 62 51
9 48 17
5 25 9 60 54 5 45
9 10 0 9 7 53 44 23 4
1 12 20 54
2 63 38 12 57
10 11 24 35 60 59 27
1 0 28
4 41
9 16
5 40 41 0 30 2 6
6 54 12 48
8 34 39 22
8 45
6 0 50 58 30 56 2 15 52
7 24 4 25 21 57 1 29 27 43
6 20 26 12 24
3 10 39 58 6 4
9 3 13 29 25 47 24
9 33
9 46 24 33
9 1 32 16 59 38 60
5 37 60
4 14 38 51 42 19
8 49 63 43
5 21 51 3 26 57 44 62 12 50
1 58
9 59 7 57 39 62 37 51 56
6 13 48 30
9 42 47 18 40 15 8 43 10 53
7 44 22 27 45 32 25
5 24 26 3 0 8 55
1 32 47 36 44 49 20 41 54 16
1 26 9
6 15 16 27 59 12 48 44 10
4 5 1 20
7 6
1 41 26 19 57 23 48
3 51 27 13 0 41 54 59
7 36 37 15 44
3 21 35
1 1 0 37
1 54 60 4 63 5 35
4 12 45 8 61 37 18 25 59
4 37
3 6 11
7 28
10 49 45
3 34 19 20 13 15 54 1 18 44
3 10 14 36 32 5 8 51
9 10 50 46 21 15
6 56
7 39 19
1 44
7 59 15 31 37 12 28 49 16 21
10 60
9 17 53 2 48
6 39 60 49
8 33 60 27 36 45 58 56 34
2 37 50 56 52 61
4 58 55
7 36 38 8 7
1 52 51 48 18 58 34
4 22 12 43 41 55 1
9 4 13 63 60 19
1 42 28 35 9
2 4 9 58 24 8
1 50 8 59 19 27 3 58
1 21 28 35 38 44 2 24
4 43 47 57 35 24 48
5 51 56 62 44
8 52 56
6 23
2 29 52
7 35 57 18 1 37 51 60
4 17
7 25 7 14 45 19 12 41 40
7 31 39 25 52 48 13 19 29 47
6 20 29 34 6 35 56 10 47 43
9 40 12 15 1 45 29 0 59
4 55 8 36 27 63 29 53
7 4 51 50 30 52 44 12
5 22 19 8 40 9 60
1 6 20 17 61 21
7 38
3 2 22 48 57 34 30 1 28 31
9 57 22 31
8 49 3 24 13
6 27 13 17 50 43 26
10 1 11
10 45 22 43 51 25 23 38 12 2
10 50 62
1 16 48 18 19
10 27 10 46 15 26 12 7 62 37
5 16 39 35 50
6 43 30 62 10
2 3 17 45 49 31 50
10 38 6 25 0 16 42
2 16 51 20 23 30 40 14 53 1
5 39 0 3 36 29 56 52 55
8 9 22
7 57 38 40 1 56 48 25
5 45 54 37 4 41 52 31 3
8 42 34 30 32 14 61 56 58
9 53 57 45 52 14 37 27 23
9 14 37 43 41 20 16
3 29 12
10 36 21 37 18 56
4 6 41 40 21 42 51 47 55 59
5 29 38 19 52 37
1 11 13 31
10 33 40 32 25 63 51 20
2 25 52 47 32 7
3 11 39 51 57 48 3 33
5 44 49 19 53
1 20
1 60 11 39
7 16 6 51 9 2 22 21 34
9 46 55 5 27 47 57 37
5 25 41 28 42 14 59 46
9 17 27 45
5 21 19 51 50 16 59 40 2 60
8 4 10 39
5 36 22 25 19 48
9 53 2 30 32 0 12
10 6
7 38 33 25 31
5 58 15 7 53 32 23 14
1 1 53 43 34 37 17 49 38
8 48 29 42 8 51 28
5 11 46 38 56 35 48 17
8 26 25 59 47 21
2 3 27 58 32 34 29
6 30 43 41 56 37 12 59 6 45
6 36 52 10 28 48 6 15
4 15 40 24 6 63 42 4 50
7 38
3 28 21 18 58 40 24 16 4 35
9 18 49 54 31 14 25 26 16 2
10 32 12 60 9 62 6 57
3 1
2 58 24 19 54 14 48
8 10 22 8
6 34 33 35
8 48 31 26 11 22 27 49 23
10 6 20 11 48 2 41 38 57 7
7 4 52
2 51 55 35 62 56 4 49
5 46 20 59 17 2 1 45 62
4 38 33 56 51
1 24 12 56
8 23 29 17
2 6
10 27 35 32
6 15 1 5 39 31 54 34 26 20
7 52 40 58 3 14 23 20 59
3 47 7
4 55 34 59 40 7
8 28 5 6
6 61 35 62 49 6
9 20
1 31 61 28 41 38 52 6
4 16 50 17 45 32
9 8 6 42 4 34 60
2 32 0 25 40 36 62
8 11 28 49 41 0 60 27 18
9 53 14 2 38 56 40 33 16 36
1 3 7 61 40
7 9 51
4 28 25 34 17 63 38 24
1 3 38 29
8 5 41 27 6 42 19 44 45
8 2 21 17 32 29 26 40 28 20
5 31 54 48 60 56
6 1 56 28 32 55 53 9
6 22 57 28 44 63 7
10 9 35 43 31 48
9 23 48
9 38 45 55 5 57 34
4 41 36 18 16 29 3 32 49 38
8 54 40 22
5 7 23 38
2 6 14 41 29
1 49 13 23 5 63
2 53 28 5 23 13 33
10 33 32 18 44 35
1 39 6 49 25 3
9 14 51 40 24
3 29 44 57 4 60 14
1 40 47 1 8 59 23 42
1 3 43 40
10 32 1
3 32 6 37 16 54 25
1 57 21 10 26 33
6 58 31 45 35
5 42 55 1 2 57
3 12 35 63 24 19 40 52
4 39 1 62 35 21
2 9 2 5 59
6 61 42 7 12 9
10 9 42 45 41 62
1 23 11 3
3 46 49
3 30 31 52 43 27 23 21
3 3 49 59 23
3 33 9 29
1 4 52 42 16
9 49 17 59 9 21 61 36
4 51 62 29 27 47
4 27 34 22 35 55
1 37 43 12 13 42 29 8 28 39
8 55 50 21 62 29 53 13
3 57 25 8 14 7 15 44
9 43
3 1 24 34 48 7 20 40 17 38
8 19 30
5 43 60
6 44
1 2 9
10 47 58 14 42 19 51 9 26
7 61 62 3 47 56 13 22 19
9 19 52 9 2 44
5 22 26 47 37 34 54
6 54 39 21 62 22 40 9 8
8 58 25 32 57 20 53 14
8 22 2 17 31 46 21
8 52 6 28 43 18 61
3 18
6 60
6 38 26 33 50 59 14 45 55 5
8 39
10 35 33 10 49 50 9 63
1 46 27 53 5 52 45 54 31 13
4 57 32 36 54 49
2 11 19 51
4 42 35 14
1 53
1 55 50 18 27 3 39
1 40 63 53
3 9 42 58 52 44 31 2 24 61
1 35 45 4
7 38 7 49 41 6
9 20 8
2 42 31 52 28 43 18 46
4 9 27 22 33 62
2 35 37 27 13 38 28 20
3 31 28 23 22 62 26
7 35 50
9 15 25 36 35 16 51 38 10
9 32 51 35 30 19 11 47 17 4
5 25 60 54 58 46 8
9 53 21 60 55 5
6 54 23 50 40 7 11
6 45
2 11 22 40 21 60 57 33
4 17
6 35 53 30 47 48
10 39
8 54 62 40 22
1 0 34 17 4
6 2 32
8 60 13 12 16 37 0 6 8 63
6 58 38 36 17 27 63
1 33 40 16 41
4 55 5 32
5 24 55 45 51 49 5
3 4
5 26
2 44 16 53 49 43 11 6 34
10 46 50
1 34 29
6 41 57 18 6 16 17 49 7
9 32 29 23
10 51 16 28
5 22 13 15 8 0 10 63 29 43
2 3 24 25 57 22 16
6 39 53 30 9 43
10 35 12 48 7 43 20
6 63 59 6 40 11 53 52
4 34 2 39 49 27 58
10 46 3 52 49 5 15 18
10 56 60 61 54 49 45 24 15 35
8 20 40 13
7 58 43 42 55
6 48 54 37
8 56
4 12 8 22 36
8 46 14 4 10 26 34 38
3 8 52 62 36 24 44
8 51 11 3 20 45
6 27 36 57 50 22 53 23 28
3 49 33 23
1 12 21
7 16 11 31 47 45 54 35 59 48
7 26
7 21 61 3
2 61
2 13 2 17 40 20 14 61 22
8 34 18 50 7 62 53 49
3 36 5 1 59 9 31
8 1 40 22 15 42 52 37
5 52 14 59 7 43 3
9 53 17 15 35 44
1 16 49 46 43
4 9 2 29 15 4 59 49 3
6 41 11 14 55 62
4 0 33 31 49 23
2 39 61 38 54 10
7 51 30 16 0 3
2 7 38 40 58 30 63 42 2
2 11 56 58 1
4 43 14 18
9 50 41 16 46
7 30 21 40 32 59 15 2 27
7 59 55 47
9 24 37 15 32 62
4 16 44 10 25 15 40
5 46 50 15 6 28 4 39 52
1 48 30 38 41 35 53 0
8 27 45 40 21 12 23 31 60
6 37 55 31 19 27 0 44
4 29 0 60 46 7 36 21 35 4
1 44 58 36 62 51 47 10 8
1 16
6 36 7 29 0 20 6 31 14 24
5 37 35 39 9 61 36
10 25 18 53 59 39 31 35 57
10 50 2 23 32 63 28 27
9 29 2 26
2 45 2
9 12 34 36 45 26 63 20 44 21
10 30 28 36 10 21 62 61 49 53
3 49 29 21 28 6 32 55 24 43
4 32 49 1 56 24 27 13
6 55 13 5 33 30
10 48 19 27 30
2 28 47 46 43 8 39
10 63
9 46 13 7 28 26 57 14 44
1 42 59 30
6 50 52 16 12 8 47 61
7 54 59 18 16 14 6 26 29
9 8 6 37 48 35
9 14 42 13 6 35 34
8 45 2 19 23 9 32 26 51
4 30
2 17 63 48 36
8 55 49 23 44 57 20 0
8 8 41 52 17 31 50 24 54
2 52 23 7 18 24 63
2 22 42 31 0 3 29
8 51 6 58 16 43 28 0 47
6 37 61 35 10 56 11
4 15 18 28 48 49
10 6 37 14 32 56 27 49 31 38
8 2 63
10 13
8 6 36 20 2 55 44 5 58
2 52 49 24
6 33 0 19 50 45 31 37 35
6 54 35 34
4 34 36 10 13 40 26 15 21
5 27 42 19 38 26 20 29 25
2 26
4 40 46 37
7 53
2 56 53 58 12 63 23
1 45 27 13 7 33 1 51 22
9 27 60 30 10 37 29 16 24 42
5 20 31 5 49 25 55 44 45 61
7 38 26 24 22 7 36
6 17 9 1 44
2 12 47 44 13 43
7 35 44
1 9 54 36 53 44 46 37 13 5
2 3 32 50 30 21 55 37 57 61
3 2 23 19 26 11 34 57
8 18 4 24 12 19
3 56
5 42 30 45 14
6 47 32 21 45 40 4 0 9
4 63 58 7
9 3 34
9 50
7 6 52 31 27 2 40
4 63
2 50 5 46 55 18
4 63 44 18 20 38 8 62
9 9 3 36 4 26 39 11 47
8 26 55 14 23
4 31 44 45 10 23 34 38 3 25
9 38 47 62 53 37
3 40
1 31 61 20 33
7 16 17 4 2 51 10 30 37
1 34 25
7 60
5 2 5 32
8 41 20 43 49 62 61 47
8 36 8 9 34 10 28 2
6 34 11 12 37 58 54
8 37 1
9 61 58 12 37 57 3 42 26
2 24
3 5 58
6 13 16
3 0 52 12 26
7 51 52 9 59 35 47 48
1 11 51 12 31 22 48
1 5 49 27 0 51 59 4 18
5 18 22 24 41 31 38
3 23 19 1 61 34 53 5 58 51
8 57 17
4 44 8 15 20 19 31 49 62 45
4 9 26 8 24 63 14 30
2 20 14 32 58 35 17 46 7 25
2 53 20 45
1 62 60 1 37
5 57 58 36
4 12 10 9 57 5 61 27 51 23
9 20 41 22
2 52 39 55
5 61 19 6 3 28 18 24
7 23 33 40
8 31
2 50 18 34 5 32 25 37 56
1 34 27 58 16 42 10 50
5 10 0 62 4 42 33
7 50 10 28 12 37 32 53
4 56 61 17 49 12 62
4 29 6
8 6 27 12 3 2 62 44
4 42 54
9 17 26 55 60
2 20 63 43 45
4 35 16 51 26 34 60 22 33 57
6 23 52 3
10 59 24
5 38 42 2 36
2 44 49 54 47 61 56 31
9 62
3 41 4 39 33
9 47 27 46 31 33 0
3 50
3 39 61 15 50 2
3 53 44 16 1 45 54 51 23
3 2 17 26 61 48 23
7 57 4
1 4 44 23 29 17 16 12 56
5 4 22 1 28 34 31 45 5 39
2 63 54 48 61 40
8 15 22 47 11
3 52 3 7 55 32 16
1 38 19 8 3 55 29 35
5 8 50 60 36 61 7 54 15 40
1 43
1 36 4 38 49 53
6 31 16 25 49 17 60 13 0 30
6 33 23 10
7 10 13 26
10 6 8 12 63 61 50 39 17
2 19 23
8 21 0 42 13 9
9 14 40 48 59 8 21 26 54
3 39 12 16
3 53 55 9 12 37 63
3 37 42 44 35
4 31 20 39 2
7 6 31
4 55
6 57
2 19 43 7 27 31 29
8 48 23
9 54 7 52 19 3 62 40
5 13 52 59 24 39 20 19
8 23 53 21
8 26 30 13
6 37 42 61
10 5
9 17
5 52 61 50 20 33
1 2 50 5 37 25 60 48
4 58 50 32 11 43 35 14
2 15 11
7 29 62
1 11 19 39 62
1 10 6 2 5 32 39
9 47 11 22
1 6 2 25 0 59 3
9 58 33 39 13 11 46 52
4 47 63 50 44 46 22 20 27
4 62 23 38 35 31 46 61 24
3 11 23 31
10 38 20 0 32 55 40 56 23 27
6 5 18 41 36 23
7 25 46 7
4 62 5 22 52 54
5 19 41 55 6 34
7 44 49
9 2 39 33 61 62 51
2 45 58 34 63
9 26 59 55 40 6 12
4 61 30 39 32 24 44
8 62 0 63 6 17 15
5 61 39
9 0
6 53 3 19 59
7 42 50
5 25 34 11 8 29 13 30 7 31
2 31 42
7 15 6 14 55 38 30 49
7 19 44 18 25 30
7 3 26
9 46 23 7 60
9 7
7 5 28 36 42 62 53
2 63
4 27 37 56
3 40 46 49 7 5 42 55 51 18
3 37 1 62 27
1 35 22 63 46
8 13 24 6 40 5
5 3
7 43 14 56 32 31 34 55 25 62
6 27 16 5 33 18
1 45 49
5 62 42 20 35 24 48 27 61
9 22 10 61 17
8 34 49 38
8 11 25 15 60 13
7 39 56
5 7 23 32 30 48 11 20 36 47
4 33 57 7
4 58 25 18 50 24 33 61
6 57 4 28 59
5 37
3 21 25 52 58 49 24
10 1 31 63 17 60 33
10 9 28 35 2
6 47 39 40 24 44 6 32
10 37 41 22 13 30 42 7 18
9 33 50 24
10 37
2 32 34 12 43 15 37 29 4
5 54 15 13 55 9 52 34 29 27
4 26 56 54 24 41 51 21 23
1 51 36 48 34 32 59 53 4
7 27 58 39
8 63 36
6 41 44 47 56 21 60 42 1
4 51 16 8
8 62 58 38 14 39
5 59 58 57 4 13 12 38
4 28 0 56
10 21 51 28 46 14 31
3 27
4 25 7 43 48 47 51 39 16 13
8 12 33 1
2 51 8 18 56
7 28 9 11
1 53 41 59 24 45 28 14
2 22 17
2 33
2 24 2 21 35
6 10 26 51 31 30 15
4 18
1 4 28 51 44
10 42 18 37
6 21 47 22 41 33 36 17 63 38
10 27 7 14 57 49 6 25 63 2
10 27 17 41 30 8 19
5 49 38 45 3
7 16
6 42 57 11 48 19 29 13
8 33 19
6 5 6 23 44 18 56
9 52 8 42 61 54 47 29 13
5 45 6 13 49 9 8 43 62 11
4 30 24 38 32 63
7 37 22 4 20 31
1 32 4
1 5 11 10 49 20 1
10 6 46 36 15 5
8 60 14
5 8 56 51 14 28 4 18
5 10 53 56 48 29
6 44 61 3 22 16 35
10 5 38
10 27 11 54
7 0 61 6 4
3 17 24 12 5 15 61 6 3
8 58 45 28 5 51
9 15 57 46 26
5 56 30
1 35
2 17 53 6 15 34 57 32 30
9 4 23 30 35 5 28
9 25 52 3 13 37 31 14 21
2 58
5 18 38 22 31 36 8 52 37 59
1 57 14 34 21
7 20 63 10 56 48 29 23 11 57
3 22 1 4 60 61 51
10 17 13 9 58 62 7 22 49
6 21 34 27
10 57
2 57
1 1 37 49 3 28 25
10 28 41 3 55 5 15 40 53
2 21
2 35 62 40
10 8 26 3 34
2 7 25
5 6 39
5 49 50
9 60 25 20 44
3 27 24 41
5 41 14 15 43 17 34 4 31
4 5 13 36 1
3 52 21 44 3 1 17
4 51 8 17 3 53
4 22 2 63 60 28 40 30
5 20 14 23 26
9 62 8 20 5 45
7 50
7 22 54 50 33 42 46 58 24
8 5 52 35 33 26 41 58 59
4 38 4 46 52 14
6 34 36 54 5 6 63
3 27 36 0 52
7 55 54 0 37 62 52
5 15 16 31 54 2
9 4 20 9 21 24 6 46
8 4 35 38 17 53 34
6 40 34 48 13 63
9 23 1 28 57 30 5 48
2 5 33 59 34 0 39 26 24 7
5 47 27 50
7 5 61 31 3 9 35
9 45 56
5 3 59 2 6 63 11
6 12 36 4 38 56 58 32
1 17 23 26
1 21 7 52 8 55 45
2 15 20 53 50 16 49
10 41 6 34 38 24 23 25 37
6 12 15 30 21 43 48 27 51
2 36 38 54 57
2 55 40
8 21 57 30 32 56 29 23 36
8 34 29 50 61 25 22 52 24
10 11 50 37 31 63 32 12 36
3 33 61 17 20 55 29 52 49
9 5 32 47 45 9 6 0 7 62
2 34
5 15 2 43 13 57 39 63 52 55
1 41
4 11
8 28 19 0 63 30
8 3 20 53 5 16 56 40 15 54
6 63 16 48 15 39 7 35
9 27 62 43 40
3 1 45 30 16
5 19 32 5
5 55 54 18
9 13 44 41 31
8 62 52 56 26 2 36 8 10 48
7 33
3 39 19 20 58 63
6 49 1 25 16 50 47 26 10 21
7 52 59 13 6 2 49
8 6 62 22 59 60 43 10 32 39
7 21 58
7 9 15 58 51 63 28
9 33 0 50 36 53
4 59 31 56 30 34 43
9 1 33 28
3 0 17 2 12 3 21 61 28 59
6 40 48 12 46 33 15 41 7
3 60 45 26 14 13 36 41
1 63 56 54 21
2 26 42
5 12 4 48 39 29 8 36 25
4 44 51 32 16 48
4 62 21
6 6
8 23 60 48
5 42 51 8
1 32 3 53 24
10 43 45 5 22 10
10 23 11
6 58 4 46 8 27
1 52 54 0 32
8 62 3 48 59 49 27
8 59 32 29 57 20
5 20 1
10 26 28 27 38 53 30
1 5 26 34 33 18 63 30 35 8
10 55 32
5 25 42 12
4 42
7 1 5 0 4 63 57
4 50 60 2
3 8 6
6 11 59 6 40 15 24 7 49
7 11
6 5 31 40 48 9
8 34 51 25 41 43 42 11
5 36 28 0 27
7 25 40 19 16 37 55 50 34
1 55 29 37 34
3 0
5 32 35 50
6 57 29
9 44 59 2 15 57
1 56 17 21 27 4 5 50
10 11
5 32 47 19 0 16 3
2 15 43 14 20 53 7 25
8 47
10 46 31 53 0 50 56 39
1 51 55 5 53 36 10 2 48 4
4 8
1 7 58 11 9 30 52
5 52 57 60 55 61 23 4
5 53 47 49 54
1 15 58 60 47
8 21 60 6 47
2 39 33 42 4 29 36 40 24 35
4 60 29 28 21 61 10
8 38
1 62 58 57 25 38 36
4 14
4 36 29 54 57 4 48 1
3 8 47 4 40
9 13 20 32 0
1 18 56 34 42 20
9 9 23 47
2 17 15 62
1 21 25 61 60 19 48 55 45
1 61 5 28
6 55 37 28
8 16 26 11 45 9 60 8 4
8 18 13 15 37 9 11 44 51 26
2 41 29 53 47 56 39 45 43
4 10 34 44 13
5 44 48 6 19 3 60
7 49 53 43 59 55 30 18 21 54
10 40 42 7
4 17 14
10 36 56 12 13 30 28 15 54 44
6 50 27
10 17 24 54
8 29 41 12 60 48 10 36 18 22
7 13 53 26 51 40 20 15
8 52 47 48 34 38 6 14 17
2 54 8 10 7 50 60
9 52 14 48 45 36 28 55 22 53
5 12 44 56
2 32 13 2 50 63
7 30 55 26 4 42 21 3 43
5 13
1 2 3 9 30 18 8
5 30 53 44 34
9 17 48
8 44 46 51 24 52 43 53 54 62
6 5 12 61
5 9 38 1 44 61 45 39 16 28
1 23 34 1 19 49 52 41 57
2 51 28 22 35 57
7 54 63 42
8 31 33 47 19 2 62 41
3 11
5 41 49
1 52 56 34 35 48 9 2
4 1 46 63 22
9 36 48 30
7 47 59 14 0 31 6 46 48
3 55 5
5 55 30 41
8 23 45 7 61 43 10
1 51 19 22
6 7 40
3 39 6
4 60 29 50 48 20 3 14 53
8 35 51 17 12 36 32 30 9
2 61
5 16 2 45 12 33 5
10 6 53 17 36 31 27 12 7
2 19 26 20 2 22 54 12 3 14
10 35 58 63 20
9 27 42 54 26 58
8 45
5 41 58 19 39 8
7 6 49 39 23
2 48 52 51 31 45 28 16 58 43
3 38 2 39 24 8 10 16
8 35 33 15 36 1
10 59 42 43
6 58 33 23 15 60 51 7
5 31 17 40 55
2 32 5 57 14
2 1 39 40 21 56 11 48 15
9 40 17 22 23 32 34 49 29 44
10 63 2 59 52 19 16 47
7 4 5 55 49
7 37 36
3 11 54 40 21 28
2 24 23 17 28 18
1 42 23 0 53
2 59 37 25 18 56 35 4 42 16
9 41
10 11 15 3 42 10
4 13 17 29 59
8 20 60 38 51 55 40 49 3
6 19 25 31 29 53 12 8 38
4 34 40 52
4 46 6 10 3 60 13 54 11 18
3 36 46 45 8 32
8 34 20 48 8 6 15 62
7 2
6 63
1 37
3 50 47 23 58 31 14
10 48 6 7 50 25 59 2 0
5 31 18
6 21 15 22 6 11 32 39 19
7 9 12 14 49 3 63
7 1 25 40 13 44 61 23 19
7 30 53 55
6 27 38 0 13 32 6 23
4 17 36 18 61 28 21 46
4 26 39 59 17 58
3 36 55 28
5 33 45 59 37 24 12 8 2 54
7 36 6
4 58 21
1 53 13 41 15 4 24 31 48 57
8 2 0 23 14 30 61 53 41 60
8 44
3 35 21
1 63 2 42 36 47 56 60 1
4 54 6 24 41
1 44 53
6 18 27 33 21 51 25 55 45
10 45 39 42 2 24
2 45 17
8 29 5 14 16 45
3 56
10 56 30 25 0
3 53 14 39 1 31 8 45 29 48
10 7 16 10 35
4 50
2 10 1 17 55 21 2
1 10 16 25 29 41 1 63
8 50 40 20 49 38
1 54 17 34
7 17 38
2 9
5 32 12 14 10 53 21
1 41 26 14
9 35 51
10 34 13 56 46 3 39 38 26 27
8 23 48 2 17
5 47 35 39 12 33 32 48 9 45
9 10 14 3
2 44 6 52
3 6 45 23 57 7 61 21
7 49 6 54 32 9 33 25 45
2 33 17 1 45 0
3 34 30 11
7 5 20 38 15 40 25 8 12 62
6 18 47 50 14 19 40 35
1 45 8 60 0
5 54 3 10 24 41 48 13 20 16
10 52 32 45 46 49 41 19 13
6 34 37 63 51
4 22 50 28 19 6 36 9 49 38
7 5 12 38 62 33 50 39
4 51 47 19 7 24 48 62
10 3 30 37
5 17
2 62 6 10 27 53 42 59 1
8 56
3 6 55 10 57 1
6 17 7 60 43 52 56 10 4
5 35
2 21 12 53 41 16 7 50 45
2 51 47 39 45 41
9 4
2 3 60 4 2 36
6 54 49 29 7 25 0 5
6 45 20 14
10 9 36 59
10 45 52 35 25 19 0 26
4 42 0 27 59 49 28
5 26 4
4 26 10
2 4 56 34 48 12 23 0
9 51 38 31 42 29 7 35 13
2 55 23 35 54
6 33 24 36 63 44
10 55 34 49 43 46 16
10 18 9 55 42 32 62 16 25 40
3 9 3 22 54
7 53 25 6 34 58 31
3 14
2 55 12
4 54 14 37 8 5 21 33 17 53
8 42 32 12 6 23 36
2 9 3 20 18 6 63 26
10 34 20 15 39 54 10 53 49
2 50 28
5 23 52 32 1 28 58 48 36
9 57 4 16 44 38 53 2 63 17
6 38 10 63 46 62
6 32 48 34 26 10
5 7 0 30 40
5 14 3 34 32 48 4 27
5 54 8 56
6 21
1 13 20 46
5 32 6 28 37 5
6 6 61
8 25
6 9 44 28 16 27 47 55 52 15
9 2 8 55 58 33 20 32 24 3
4 20
9 52 27 23 58 13
1 22 16 4 24 60 9 34 6 35
7 11 58 23
8 5 63 52 53 16 23 49 48 11
4 25 4
6 55 38 52 30 44
9 57 15 27 63 13 6 51 16
1 4 1 9 20 6
1 61 33 37 5 1 53 36
1 44 18 28 14 35 1 27
6 26
4 57 35 13
7 25 56 49 10 48
5 39 57 15 28 18 59 46 53 61
7 26 13 27 43 12 17 28 49 0
10 38 19 48
1 6 5
7 59 39 6 3
3 33 1 49 0 63 13 20 4 27
6 3 35 43 6 26 52 45 23 37
2 25 6
7 7 59 50
4 22
9 20 3 18 52
1 51 16 41 40 8 61 21 30 12
3 18
3 38 62
3 43 9 51 56 10 22
1 2 28 62
1 40 41
9 7
8 17 42 13
7 57 35 31 1 4
6 20
4 42 44 27 5 2 40 51 14
8 26 2 13 56 5 36 62 34 29
10 16 37 11
1 29 10 52 33
10 21
4 39 0 42
8 18 26 41
1 33 16
4 3 52 4 40
6 9 50 53 54 55
8 9 21 54
9 51 21 18 22 54
3 49 59 8
6 62 46 27 25 8 36 63 20 43
8 39 54 47 35 9
8 31 29 5 32 20 19 51
2 51 5 12 19 8 3 35 23
5 0 58 50 7 62
2 28 4 2 49 15 32 34 26
5 4
7 58 0 48 39 37 54 13 44 16
4 42 15
4 17 37 51
6 39 53 14 29 13 56 37
5 2 27 49 47
4 36
6 24 36 57 3
2 31 21 8 61 54 52 24 18 12
10 48 55 34 36
5 9 43 3
4 54 63 6 44 34 60 37
3 5 15
6 2 6 56 13 39 50 14 10 22
5 10 7 56 15 39
3 47 56 14 61 0 11 16 15
6 37 59 63 22 27 19 0 40
5 33 50 6 12 40 26 63
1 27 6 63
7 63 19 24 51 18
8 30 52
8 23 55 20 47 0
9 7 6 58 29 44 43 27 35 45
4 24 28 61 5 7
5 25 35 31 52 0
3 17 47 50 45 25
4 59 29 32
8 3 33 16 34 6 23 51 49 15
8 60 58 3 16 26
5 47 38 50
6 23 9 36 17 11 28 6 34
7 19 4 14 15 56 16
3 42 52 48
8 58 27
2 36
6 20
6 13 31 21 40 63 53 57 55
5 4 22 20 7
2 27 34 24 44 45 14 21
3 30 10 21
5 63 51 15 57 4 1 7
1 13
6 59 25
3 55 49 15 9 30 0 4 42 44
1 8 3 33 10 14 41 5 47 45
7 50 63 30 3 18 40 8
10 57 24
4 28 44 4 23 38 54 31 29
7 45 41 4
9 7 15 62 0 26 38
1 30 48 16 18
4 1
8 62 17
6 41 51 35 23 5
10 40
1 45 46 62 25 30 44 58 33
2 30 5 41 37 36 51 7 48
3 44 27 15 43 48
9 24 2 47 25 7 55
6 12 30 10
9 38 58 1 60 34
7 2 3 28 33 1 9
5 62 48 46 0 41 52
3 49 23 6 21 24 17 52
5 51 12 48 6
1 41 18 6 42 40 51 57
3 62 51 16 59 3 28
4 20 35 30 11 5 33 61 63
4 54 37
10 44 49 28 62 43 16 40
4 51 11 40 21 59
1 20 30 53 47 28 22 50 10
8 37 63 38
1 55 59 16 6 4 21 7
2 54 32 34 14
6 1 12 31 46 3 18 62 39
8 31 39 52 58 22 53
10 34
6 29 57 15 41
10 58 26 38 55 36 25
7 48 45 20 12 26 38 47
3 31
7 26 27 51 52 60 24 17 43 6
6 15 47 35
8 59 38
4 9 52 5
6 39 32 1 50 9 3 35 36
5 6 7 40 5 9 27 0 45
6 8 26 51 21 39
10 26 29 31 48
4 48 20 17
6 6 55 4 22 47 32 9
10 26
5 7
5 15
4 23
9 31 23 47 56 26
5 47 11 39 23 40 31 2 4 60
6 35 63
1 45 52 54 27 61 48
6 34 10 4 31 9 44 53 24 57
7 55 46 24 45 10 57 50 8 31
5 39 5
7 25 41 60 59
1 12 47 38 41 29
7 48 51 52 32 18 50 62 40 22
9 20 9
7 25 31 3 17 28 51 63
6 39 1 60
7 38 21
2 35 58 45 59 2
8 23
9 38 32 14
8 43 54 37 15
7 33 63 2 56 43 0
7 30 3 39
8 12 2 55 53
10 56 60 46 42 36
10 62 14 22 58
4 47 20 23
3 35 5 52 41 36 1
1 56
8 17 54 60 55
10 24 18 23 20 62 1 13 3 27
9 55 48
5 38 12 15 21 27 54 57 9
4 45 41
6 24 49 55 48
4 31 7 47
3 16
4 56 40 17 54 5 24 25
9 43 56 58 8
1 37 34 25 59 26 48 46 14 45
3 9 11
7 23 7
7 42 56 37 9
1 42 38 35 12 45 57 33 63 17
2 32 12 41 33 14 45 59 39
9 19 48 12 38 59 43
7 4 60 43 22 47 40
2 15 20 29
8 17 60 52 8 63 39
8 63 46 25 13 31 41 22 57 6
6 4 19 53 39 45 58 27
1 27 25 6 40
3 50 46 55 6 51 43 52 22
5 6 46 0
2 46 59 31 25
10 48 21 11 32 17 8 9 19
1 5 26 6 46 38
6 34 50 14 37 51 41 16 15
2 16 60
8 59 3 61 5 39 27 29 49
3 52 19 57
3 13 50 49 24 0 41 30 4 44
10 26 22
8 12 51 42 14 57 60 26
7 24 0 39 53 20 38 8 28 42
9 34 16 46 24 26
8 13 25 4 51 27 18 54 2 50
9 36 4 55 58 30 23 31
10 4 24 30 10 29
2 4 10
6 35 44 39 20 43 32 13 22
2 16 61 63
7 33 46 9 35 47 12 63 40
1 9 60 29 57 39 21 7
9 28 23 4 5 31
9 55 24 47 49 31 18 6 46 63
1 20 39
6 31 49 30 7
1 59 10
3 58 35 19 22 38 20 23 21
9 33 41 37
8 35
9 49 41 63 16 5 6 0 2
5 23 1 47 37
6 50 10 3 56 59 35
3 58 41 25 49 8 57 31 26 16
7 3 26 61 0 12 28
8 21 6 49 27 53 30 11 60
1 33 59 36 26 19
6 60 47 55 45 13 25 36
1 45 16 43 1 21 14 59 29 50
3 8 46 14
3 18 26 11 44 31 0
10 43 62 54 51 38 18 34
3 51 16 9 29 47
3 52 18 60
8 42 27 48
4 47 35 26 18 55 27 20 5 39
10 63 51 8
3 34 23 8 39 40 22 15 25
7 49 13 62 15 4 31
2 30 24 52 32 9 14 49 19
2 15 39 52 7 11
2 18 21 23 54 10 19
5 1 8 20 59
8 2 49 11 32 48 28
3 20 36 51 19
6 26 15 60 18 19 13
2 60 21 62 43 44 8 5 0
1 24 20 1 44 50 48 23 61 28
9 59 16 9 28 32
5 50 48 11 46 42 19 27 45
4 0 23 6
3 58 32 36 12
5 9 52 48 55 4
2 48 19 4 14 11 38 20 13 37
2 38 0 10 6 7 43 12
8 39 61 51 11 3
6 12 56
8 57 44 15 59
10 17 28
7 46 57 38 18 47 24
5 26 6 17 51 29 7 28 20
2 4 3 31
9 4 57 11 13 60 8
7 23
4 48 62 13 3
5 29 3
10 42 21 11 60 0
3 56 52 45 27 12 53 57
6 18 53 29 17 46 33 60 7
9 44 5 42
7 47 5 14
3 27 51 7
10 44 63 18 31
5 59 51 21 3 0 25
6 0 19 47
4 57 50 48 49 1 54 4 35
5 40 51
10 46 19
5 4 10 36 2 3 24 60
2 40 15 53
6 42 59 38 23
8 31 21 30 9 39 35
6 47 53 45 37 23 22
4 1 38 8 44 51
3 52 10 44 36 32
4 20
1 40 48 60 11 34 53 7
8 61
5 2
5 25 37 1 8 13 50
5 19 16 50 53
1 6 46 28
10 28
7 61 42 23
5 61 0 7 9 40
2 35 7
10 49 8
4 22 34 52 11
2 43 37 56
4 31 25 56 58 19
7 52 44 61 30
8 21 27 56
10 60 6 52 38 49 21 1 19
9 54 43 7
2 10 58 45 11 15 60
9 28 58 14
5 58 50 19 13
4 36 3 18 2 58 59
4 36 8 58 16 51 15 17
5 21 59 50
10 1 46 61 59
7 22 20 12 54 27 46 9 16
2 52 38 2 1 51 15 6 0 33
10 44 19 45
8 38
4 56 34 48 23 62 2 38 61
6 62 53 22 32 7 31 63 45 48
4 46 5 60 11
8 9
1 24 3 29 53 11 5 30 45
4 32 18 6
10 24 47 18 15 16 9
8 36 37 26 4 34 6
5 50
10 31 13 53 18 28 42 14 6 36
9 47 60 37 61 49 16 2
4 6 22 39 38 49 5 40 35
3 52 2 32
8 16 49 61 19
6 19 40 50 8
1 41
10 34 20 63 7 60 13
8 5 2 50
9 49 48 11 27 20 9 45
7 46 33 25 5 61 37 43
3 26 10 43 18 15 29
4 51 33 13 49 60
4 34 19
9 6 39
7 51 8 52 37 24
9 0
7 25 24
7 13 21 10 30 37 45 31
1 29 52 14 28 21 10 49 22 6
2 39 8 51 61
4 19 63 6 10 24 35
8 55 57 44 13 29
2 30
9 3
10 0 4 12 40 27 24 30
8 21 45 32 15 55 13 36 44
9 58 54 42 21 7 25 60
3 28
5 1 40 57
7 19 20 61 54 39 29
8 2 17 49 22 28
1 47 37 14 8 19 2 49 23 21
7 29 43 55
6 29
9 4
1 2 31 21 41 33 48
8 15
5 32 9 52 51 19 62 47 55 26
6 52 63 60 9 7 1 58
8 49 8 22 45 48 33 42 12
1 7 17 49 51 52 59
5 20 22 31
5 55
10 14 15 16 27 56
6 54 47 32
8 42 45 33 30 29 58 48 43
3 48 35 4 34 29 14 63
8 1
2 25 18 34 57 58 1 30
5 8 6 34 36 32
7 23 15 29 50 30 38
8 24 63 25 58 17 48
7 38 61 10 51
9 24 54
9 37 63 61
8 4 23 34 59
6 51 59 11 28 15 3 42
1 29 37 8 3 54 45 49 22 13
6 6 13 11 18
9 0 44 15 51
6 54 52 25 57 56 32 12 60 30
2 52 50 41 16
4 34 45 61 36 40 62
2 7 60 32 47
4 33 11 46 26 15
7 32 54 12
6 62 17 2 20 0
5 52 53 6 15
10 53 49 55 39 4
10 60 58 6 49 31 9 63
8 56 13 26 12 7
2 37 6 49
9 24
5 46 39 63 25 44 12 61
2 29 50 55 20
3 34 49 51 6 42
9 41 6 59 14
3 51 27 31 30
1 2 55 1 38 56
2 52 62
2 6 42 32 37
2 38 12 59 31 33 48
7 59 41
3 0 58 14
1 28 9 55 15
8 33
7 62 31 47 19 34 9 29 22
6 23 19 13 14 43 31 58
2 44 35 46
2 47 45 11 58 33 31
1 22
3 42 9 18 6 30 3 49 62 47
9 34 46 54 12 42
5 56 8 32 4 0 42 35
1 52 42 53 48 62 33 9
8 45 30 14 12 19 15 41 36 28
3 6 21
1 40 30
9 62 6 1 2 3 57 18 47
5 42 5 0 41 47 24 10 1
8 2 5 28 42 13 18 16 53
8 53 31 30 19 20
9 17 2 33 38
9 29 0 4 2 22 20 37
4 17 27 0 13 55 63
7 53 51 55 43 37 16
6 9
5 0 14 15
4 4 6 49 19 61 35
6 39 1
1 63 36 4
3 33 51 37
1 38 23 16 33 26 5 50 46 6
10 47 44 43 46 15 34 30 40 38
2 36 10 41 35 50
3 16 34 38 47 32 40
2 34
6 61 49 42 27 11 31 60 21 34
6 63 53 59 16 28
9 35
2 5 36
2 55 2 52 14
4 39 7 25 27 11
1 12 7 45 18 42 56 49 39
10 5 40 3 63
10 10 16 0
4 32 33 47 25
10 4 20 35 6 50 30 63 34 33
9 59 49 1 47
10 37 15 43 44 42
8 31
8 29 10 3 11 9 39
10 36
4 23 3 32 47 14 1 4 38
4 13 25 26 60 8 42 5 23 53
3 51 50 28 14 10 31 43
7 14 3 57 39 30 63 42
10 37 62 3
2 0 46 15 31 45 12 58 25
5 59 33 57
7 56 58 31
8 36 56 61 50 54
2 12 3 31 57 42
3 16 11 0 49 56 18
3 46 39 41 59 29 17
5 55 52 6 27
6 38 11
6 57
6 37 61
9 61
1 44 5 63 42 41 33 62 34
10 25 10 28 22 15 55 61 5
5 42 34 63 15 3
9 53 6 28 42 16 25 41 7 58
9 31
4 46 33
7 50 23 29 1 51 63
1 8 59 48
8 0 4 42 12
3 62 30 28 34
9 28 13
9 13 27 35 16 63 59 32 22 54
9 36 49 51 38 63 50 45 30
6 44 13 36 5 41 60 14 23
6 46 17 21 54 53 20 48 28
9 45 58
3 17 53 35 30 29 57 51 60
5 49 36
5 46
4 43 29 25 63
2 61 32
10 57
6 34 31 42 9 48 47
2 2 20 31 32 13 58 23
7 9 57 33 46 13 63 3 37 1
6 32 16 7 61 6 30
9 4
7 18 11 32
9 12 16 30 54 19 23 42 17 29
2 34 61 26 20 16
7 59 4 8
4 57 11 62 2 50 54 15 53
6 28 6 10 31 32 29 2 56 34
8 23 7 11 62
4 11 52 26 23 30 25 43
5 23 30 42 51 52 0 39 1 3
2 60 41 39 34 4 63 26 2 7
9 12 55 43 62 44 52 10 28 9
9 54 19 6 62 33 38
10 45 61 9 28 55 46 30
10 39 8 31 59 27 62 26
10 39
6 41 37 23 17 39 3 28 60 44
6 38 15 24
4 32 50
4 61 47 28 17
5 33 30 39 50 47 1
7 44 63
5 38 63 16 20 0 37
7 24 57 60 42 30 40 47
3 42 11 25 29 39 49 30
6 50 12 34 7 35
4 51 16
1 63 24 57 20 60 43 30
5 5 19 43 17 38 6 56 3 54
6 46 20 44
2 9 47 59 21
8 39
1 6 9 53 35 11
8 9
9 58 36 28 33 20 48 8 41
8 37
6 18 3 61 34 52
8 8 1 23 48 41 52 13 28 57
6 47 1 46 39
3 1 32 36 33 63 19
7 23 8 51 31 20 62 22
10 24 35 4 37 54
3 21
4 56 60 4 63 57 28
3 18 39 42 50 9 63 19
1 61
3 54 33 10 17 57 19 2
7 50 33 27
7 58 34 36 18 16
10 31 35 4 12 43 11 39 48
6 47 55 45
6 62
4 2
4 12 4 47 30 43 50 1 2
9 22 50 51 7 37 45 16 46 53
7 42 19 14 53
9 53 44 0 34
10 6 59 20 42 19
4 40 39 18 26 8
4 28 37 58 59 43 39 63 5 0
5 41 18 43 13 53 7 59 24
5 42 9 61 28 32 10 17 8 37
4 42 46 49
6 15 61 3 49 24 22
8 1 61 49
9 49 51
4 12 32 52 39 60
7 57 53 26 45
3 10 45 29 17 61
5 21
6 8 44 40 60 20 15 27 43 21
2 63 6 30 17 24 36 45 54
8 54 55 24 29 53 20
2 5 3
1 4
1 26 0
5 51 41 45 34 0 2 52
3 61 50 48 57
10 2 9 6 58 46 10 63 32 57
8 30 19 5
1 19 28 22 27 8
6 42 34 14 11 35 58 46 37 51
1 41 15 8 12 40 30 49 10 32
2 25
9 56 25
2 23 8 12 18
8 60
4 0 25 14
9 30 18
3 39 55 19 22 11 4 44 3
2 18 57
3 48 51 19 55 25 24 39 34
3 11 13 5 16 22 25
7 43 19 10 6
10 63 32 55 19 50 29
6 29 12 41
4 12 44 23 51
2 48 14 53 19
4 62 15 2 28 40 8 4
1 54
9 51 55 30 43 6 42 40 33
2 60 11 58 23 14 55
9 8
1 57 3 44 1 47
1 35 7
2 52 18
4 35 6 3 21 23 37 17
2 35 61 51 42 0 17
1 43 48
9 42 8 54 49 38 7
2 51 36 22 26
6 23 56 16 6 26 7
10 15 3 29 1 31 35
8 42 41 33 31 11 30 52
5 11 56
5 35 6 34 23 58 50
10 17 18 49 9 5 54 23 14
10 63 49 30 50 17 27
1 49 27 22 37 40 38 44
3 9 34 5 39
8 33 8 2 57 29 42 25 34
9 35
7 36 20 49 53
10 50 12 44 46 24 27
5 8 35 33 29 4 53 58 60
3 57 14 51 30 62 19 25
8 33 43 38 31 55 4 29 22 2
3 61 8 15 59 37 6 28 1 4
10 33 47 54 2 8 35 60
8 59 34 56 47 16 1 33 58
2 12 55 62 9
10 48 44 51
4 42 4
6 0
4 29
4 54 52 17
3 13 1 2 39 32 14 53 10
10 45 44 50 52 29 38 30
6 1 21
4 12
6 18
4 6 10 51 15
7 15 5 11 38 30
4 32 25 58 36 19 26
4 33 7 13 27 42 45
1 60
7 38 31 10 25 41 6
10 48
8 55
2 42 37 27 19 0 60 33
3 41 10 14
9 19 24 12
8 8 30 7 27
8 45 0 49 16 18 26
2 63 43 31 61 23
2 39 5 60 29 0 10 50
9 35 25 29
8 44 8 12 17 39 42
4 32 40 3 22
1 12 53 13 6 38 1 32 35
1 35 60 38 28 16 50 52 17
6 39 46 8 38 17
8 37 24 51 25 7 17 33
8 57 47
1 20 38 43 48
4 11 20 40
2 39 32 60 59 6 37
9 33
3 18 41 45 53
4 19 4 3 50 22 34 25 59 41
8 52 9 59 15 14 30 12 44
10 54 8 35 19 26 51 15
2 58 36 49 38 48 63 42
10 15 1 62 27 2 7
9 43 24 15 48 31 53 32 44 56
5 38 39 14 3 48 23 17 44
4 59 49 22 32 38
1 1 3 31 14 18 29 4 51 22
5 60 55
5 11
5 24 10
6 26 31 45 62 32 41 29 5 38
5 24 4
1 63 51 29
1 62 26 51
8 44 53 52 35 16 36 24
9 57
2 41 10 35 28 13 45 4 61
7 21 46 59 58 61
3 58 36 38
4 48 36
7 47 29 13 12 20
6 61 38
10 54 17 42
5 16 41 34
9 1 54 26 48 13 5
4 38 5 11 34
7 61 19 5 22 54
9 15 18
7 26 47 39 12 27 6 56
2 50
10 54 27 1
3 3 30 62 17 42 38 51 10
4 49 28 35 3
6 43 63 32 9
4 13 26 28
4 61 16 36 38 4 49 28 50 45
9 6 30 33 63 43 1 18 48 46
9 51 10 20 57 53 13 44 46
1 39 50
8 47 37
6 14 44 32 30 2 46 43 0 55
4 21 55 59
6 56 33 53 18
6 6 34
2 52 49 27 62 29 13 0
1 17
1 16 57
5 33 57 20 58 63 61
6 51 13 58
4 28 16 57
10 59 61
7 42 6 11 63 56 61 8 32
10 26 56 48
4 13 32 17 30 27 0
8 47 40 16 45
7 11 10 5 13 1
5 20 8 47 46 15
4 2 43 21 6 3
7 43 46 8 34
4 11 9 6 18 55 12 48 24 63
10 43 44
10 9 20 63 50 29
3 24 1 39 28 30 58 16 33 18
7 37 14 54 11 56 3 7 50 46
7 48 36
5 26 15 33 52 61 28 30 23 57
3 9 18 53 32 45 35 42 36 6
9 40 25 36 47 0 42
5 41 63 10 31 17 9 35 40
7 41
8 33 1 27 55 7 61 42 41 26
9 55 15
8 22 38 35 41 36 43 15
9 27 31 10 38 43
5 28
9 50 25 13 59 6 52 47 55 23
2 47 59 2 26 41 9 16
9 13 27 21 16 12 23
5 30 6
3 5 6
1 17
4 31 17 12 28 2 35 59 3 8
2 55 6 3 60 22 58 47
5 29 19 20 55 9 6 17 52 31
4 35 11
4 52 59 1
10 51
6 22 60 58 26 5 57 61 53
10 33 61 60 32 54 9 47 29
1 42 48 52 39 35 19 44 15 23
5 14
10 35 57 32 10
5 25 15 29 62 63
4 41 12
8 44 0
8 19
7 24 33
1 9
10 3 38 19 9 20 53 15 34
8 15
4 40 19 20
8 7 56 28 16 6 40 54
3 12 22 24 37 20
6 29 15
9 49
7 62 2 57 5 35
2 60 25 3
8 8 39 19 7 28 54 11
6 44 9 27 50 12 54 36
1 33 9 63 28 34 15
10 33 36 3
5 55 37
3 9
10 40 49 50 31 27 54 20 62
1 1 16
1 15 24 5 1 61 38
4 3 4 16 21
6 6 51 61 54 56 32 35 12 44
8 7 37
9 49 8 25 5
10 41 58 38 4
7 54
1 55 10
8 61 18 7 46 16 50 17 60
7 44 61 42 28 63 33 37 1 55
1 45 36
1 1 9 4 19 20 61 17
3 0 13 11 32 44 38
7 13 62 37 14 21 56 17 16 0
5 59 24 29 3
6 33 61 28 2 4 19
1 29
3 51 47 7
7 19 13
10 42 16 5 38 26 35 10 25 53
8 4 16 27
8 36 23 28 16 10 37
1 1 61 62 57 53 13 32 34 56
2 40
2 51 3 21 11 37 14 25
10 6 7 20
5 19 55 47 29
4 18 2 32 28 63 55
8 26 60 17
6 62
7 51 42 45 23
2 62 42 17 22 25 60
1 0 11 62 63
10 62 49
3 28 1 63 27 13 30 50 38 58
8 58 41 30 19 35 21 27
2 54 53 25
9 19 18 63 20 15
4 14 17 60 59 50 41 61 58 42
8 34 9
7 55 17 52 9 21 10 38
3 4 44 22 63 43 33 20 35
1 27
4 9 50 37 10
1 10 59 15 38 60 25
8 31 37 38 50 44
7 8 23 56 43 16 15 53 29
3 30 15 18
6 14 37 41 43
9 22 23 49 25
9 58 19 11 44 37 43
6 25 8 52 36 44 62 30 4 33
8 8 14 37
1 37 50 23 33 48
4 14 10 33
3 63 4 29 2 59
6 51 32 61 48 59 3 37 45
7 30
2 24 47 63 44
6 4 28 23 56 11 54 57 26
7 26 13 49 44 24 27
9 49 3 54 23 5 1
5 16 42 3 27 10 17 20
5 3 63 35 34
9 63 51 7 50 12 19 36 59 16
7 21
3 8 34 49 42
4 51 34 10
10 46 7 59
8 5 3 60 19 41 49 25 23 44
5 48 35 17
10 54 23 61 42 44
9 1 4
5 45
7 52 57 11 0 51 36 6 21
3 7
7 48 41 39 47 3 30 10 12 57
10 4
9 37
8 22
2 3 37 32 39 58 38 12 31
6 34 32 8 22 12 1 47 62
7 38 5 8
3 29 42
2 61 39 53
5 42 29 46
9 27
5 23
6 12 13 40 21
10 33 25 6 52 14 23 8 48
2 11
10 5 36 6 1 40 41
6 21 45 49 14
4 10
8 63 43 10 58 49 26 15 44 4
6 28 6 5 27 4 1 16 22 55
8 11 3
8 31 41 62 39 3 60
9 47 13 28 53 22 45 60
10 34 55 51 43 6
5 55 47 19 11 43 8 35 53
8 9 23 58
1 63 29 11 57 44 50 49 6 17
9 8 24 13 35 37 36
10 22 18 8 34 54 47 2
7 27 5 51 49 57
9 52 19 51 9 10 26 47 7 55
1 29 4 13 23
3 36 24 47 54 14 10 52 12 50
10 40 24 13 16 34
10 50 41
3 6 40 1
6 53 27 33 43 7 0 37 24 42
5 30 43 12 45 29
8 51 20 62
6 51 30 26 45 15 25 40
2 55 28 50 31 17 2
3 39 27 15 41 52
8 62 27
5 4 27 31 17
2 42 38 3 48 56 40 8 59 37
2 23 42 54 36 11 8 43 44 52
8 61 47 51 20 33 32 7 6 34
5 43 49 22 4 13 34 39 20
4 17 43 31 1 23
10 5 18 54 61 17 41 22 8 10
9 39 44 62
3 54 62 20 50
10 1 51 34 44
8 22 23 32
4 23 34 36 19
7 6 22 14 49 4 26 63 62 48
8 57 54 35 7
1 44 31 61 7 24 34
8 23
6 11 39
8 36 15 14 31 9 1 3 48 44
6 58 45
1 2 31
6 0 31 36 26 61
8 4 45 25 38
2 22 41 43 3 60 29 54
10 14 47
5 38 10 39 2 3
4 37
2 1 57 18 13 51
9 16 0 28
9 11 4 35 55 28 2 15 46
3 22 51
1 50 41 35 46 37 52
9 42 14 56 10 7 49 0 40
10 2 16 44 6 30 10 25 3
7 59
7 44 45 22 49 39
7 1 6 9 42
4 10 36 63
8 22 54 5 32
3 16 6 7 43 18 8 51 10
9 60 46 47 29 54 13 21
9 5 3 60 28 11 40
8 26 28 49 55 54 11 57 30 34
1 42
2 4 43 25 53 29
3 4 37 62 56 36 18 44
4 52 4 57 30 22 40 7 58 42
4 61 43 1 7 25 16 52
8 23
1 5 7 44 28 22 32 8 31 57
6 35 2 62 22
9 35 14 19 53 11
5 33
3 0 41 4 56 46 13 37 27 23
2 37 55 17 42 8 34 16 18
1 3 1 13 35 29
7 50 44 28 13 20 19 62 40 22
3 6 18 11 27
3 49 59 1 6 62
1 49 34 46
10 34 53 57 45 0 6 12 22
10 28 44 32 6 13 2 19 26
8 5 31 30 32 7 6 34 40 35
4 60 35 34 31
4 19 17 3 23 8 52 55 60
3 27 5 36 52 49 25
5 40 6 56 13 61 16 42 10
7 39 52 3 33 15 8
2 20 53 43 5 37
6 26 22 0
6 44 15 53 8 41 48 62 57
2 2 23 5 15 4 29 22 31
1 8 30 39 50 37 13 26 60 16
1 49
7 43 55 7 54
3 4 41 38 19 39 24 18
8 7 8 37
9 12 18 22 25 36
1 56 35 23 11 39 4 54 63 13
8 40 5 10 54
3 24 35 47
7 42 43 45 18
2 30 25 16 7
6 15
8 33 37 17 2
7 48 35 43 49 52 37 47
4 32 61 13 35 2 33 51 55 7
1 36 58 63 61 0 42 46 53 54
6 52 43
10 59 38
3 47 41 46 28
9 43 21 1 52 57
5 49 60 16
4 42 31 61 37 3 58 20
5 40 47 0 44 7 19 28
10 52 61
6 14 0 17 59
9 5 34 10 45
8 61 54 51 6 9 15 47
9 13 32 15 42 12 25 44 5
3 16 24 43 3 0 62
9 38
9 53 56 14 58 39
1 54 43 48
1 33 48 59 54 45
6 31 30 60 19 37 27 5
9 26 20 32 44 43 0
2 31 58 26 20 51 53 0 55 61
1 54 25 44 45
5 2 15 58 46 47 60 6
5 52 29 34 33 60 3
10 13 24
1 48 10 34 15 23 37 21 63 25
4 17 62
1 10 41 38 30 37 33
7 3 33 17 37 20 30
6 17 32 61 41 31
6 32 30 50 18 60
8 49 12 41 60 9 50 52 25
3 29 61 3 42 38 9 33
2 51
1 63 46 15 11 34 49
4 37 3 47 7 39 28 59 15
2 5 63 20 14 1 51 13
9 42 52 40 20
1 17 59 61 0 52
9 29 63 12 33 31 54 8 50 43
9 41 20 40 50 24 8 6
4 49 16 15 5 10 20 0 54 51
6 34 62
6 20 47 22 10 53 31
8 34 59
1 16 50 33 61
2 61 16
7 59 32 1 15 52
8 41 62 5 49 48
2 12 9 47 21 39 26 34 63
8 45 39 11 36 7 61 0 60 3
10 36 9
10 42 21 39 30 57
10 27 8 20 44 55 51 0 36 38
3 50 33 5
6 14
7 62 36 17 26 58 22
6 44 60
10 19
6 30 57
2 44 6 9 36 26 4 28 29 19
6 44 26 12
8 58 37 15 31 49 51 42
9 41 29 33 4 46
2 62 60 38 1
8 36 0 43 59 57 13 58
8 49 31 22 53 27 61 15 26 25
5 35
1 1 19 46 62 41 4 20
6 35 4 1
10 7 55 42 50 29
9 59 18 8 19 28 17 39 16
3 3 20 33 9
3 62 3 31 25 33 22 40 50 45
1 22 7 52 38 18
9 49 4 21 37 18 51 10 14
10 52 11 43
3 7 41 28 34 33 61 54 25
2 22 24 41 18 28
9 41 43 10 14
6 48 63 17
7 42 31 56 33 19 61 48
10 52 23 46 43 53 30 60 44 28
10 4 29 10 19 16 48 31 12 24
2 53 39 58 55 9 63 36 10
4 57 29 31
2 32 33
7 43 13 54 63 49 46 48 22 32
10 41 54 20 23 17 59
8 2 60 41 20 23 5 56
2 43 0 25 3 52 21 7
1 32 24 28 42 12 20 33 62 17
5 31 45 57 16 59 46 17
7 18 60 4 62 63 28 9 24 1
8 62
2 63 43 37 26 46 40 4 25 7
7 2 25
10 13 36 61 60 48 5 54 53 62
3 37 28 2 62 30 23 46
10 62 15 44 3 63 49 6 25
2 3 26 54 41 50 58
1 35 28 59 32 25 48 16 5
5 25 53 12 21 33 29 63 7
7 2
4 51 63 42 29 24 41 28 62 13
3 59 60
7 11 51 3 23 56
5 40 27 63 60 51 22
5 38 1 29 18 39 40 7
8 23 29 18 47 35 5
8 53 54 18 28 17 36 32 22
5 54 36 4 43
3 33 45 40 30 7 46 32 35
9 44 34 8 47 12 31 33
10 53 33 6 17 1 31
6 18 54 26 41 12 45 14 53 52
3 9 37 25 38
5 19 63 62 33 59 5 7 14
9 60
3 26 48
7 57 0 1 63
9 22 50 13 11 34 15 44 39
4 29 9 36 61 37 47 46 23
7 26 20 62 1 13 46 5
9 48 62
4 46 58 15 1 6 25 63 52 38
10 0 1 10 40 47 34
3 34 63 41
2 51
7 46 29 12 20 31
2 22 26 24 46 50 52
6 28 0 36 53 33 9 38 17 55
9 30 2
3 9 61 56
7 12 31 16 61 10 55
4 23 46 63 33 6 5 30 34
10 10 38 1 29 42 2
8 32
2 7 23 5 20 10 3
10 23 18 5 49 35 44
8 33
7 18 45 58 50 3 26 39 10
3 44 20 53 45 17 30
4 31 56 40 3 6 49
4 50 15 62 49 18 30 58 34 20
8 4
5 14 62 52 63 16 18
4 42 43 13 41 21 53
5 8 40 16 11
4 61 26
3 40 21
7 39 32 17 2 59
6 54 17 51 40
4 39 25 16 6 13 31 57 15
10 47 1 23 26 20 27 30 10 62
7 33 10
4 15 44
7 17 58 21 50 57 34 10 38 28
6 33 17 20 60 15
4 61 2 22 18
9 3 27 56 59 29 37 46 1
4 25
2 44 34 60 45
8 21 3 47 26 4 31
1 34 37 61
2 23 51 46 13 16 9 26 41 55
6 8 24 40 4 53 19
10 8 2
6 53 61 55 52
5 10
2 50 19 14 8
7 4 35 17 42
3 8 53 28 37 46 61
1 15 0 9
10 3 54 30 63 2 49
7 29 4 52 27
3 45 41 60 62 4 24
3 55 50 58 33 44
2 35 52 44 30 57 61 18
9 6 63 14 55 34 47 46 41
5 17 2 21 59 30 10 55 8 24
8 15
3 42 22 53 51 5 2 61
6 54 30 48 36 35 31 27
9 39 57 6
1 43 39 52 41 20 55 49 58
5 25 5 14
6 45 31 18 38 52 24 55 16 43
6 15 12 58 59 30 41 55 57 45
6 7
8 61 12 24 1 25 55 19 41
7 55
3 52 43 16 44
7 41 28 6 47 62 4 24
8 13 36 40 2 1 0
7 31 13 25
3 61
10 21 25 60 55 58 26 49 2
2 37 19 12 56 23 59 15 16 58
7 14 37 19 9 43 8
7 33 34
1 52 8 33 3 18 40
6 49
4 12 19 20 56 51 41 60
2 24 38 30 46 0 31 15 13
10 10 1 27 20 57 36
8 45 27 4 62 3 32 16 59 11
6 47 18 30
8 38 40 63 46 2
3 5 18 19
5 29 15
2 38 25
9 9 56 41
8 4
10 31 21 49
3 57
5 27 61 15
3 16
6 45 59 4 39 49 44 46
5 46
1 15 63 6 12 11 31 9 42 57
1 62 51 30 3 42 40 6 12
2 40 36 10 62 48 15
5 46 6 36 47 1 2
4 59 12 48 26 22
4 21 56 52 36 3 4 2
6 46 16 45 47 58 18 53
8 22 10 26
1 16 44 52 14 7 49 17
3 22 13 20 1 51 27 28 30
7 31
10 60 11 38 24 4 3
9 48 39 31 8 37 23 41
5 28 29 47 25 37 0 30 4
2 13 24
5 28 40
3 22 4 58 50 3
8 12 32
7 20 31 16 21
2 26 60
8 26 40 41 48 17 34 46 33 7
7 0 39 56 38 42 60 4 54 19
2 61 14 46 10 27 16 55
4 3 2 6 11 58
10 34 51 58 57 5 21 36 60 41
1 17 41 2 26 27 5 29 23 51
1 43
2 52 6 21 34 43 3 20 10
7 12 10 31
5 41 8 44 29 27 11 14
8 46 0 12 33
1 23 7 33 24 49 9 0 15 61
8 7
9 5 44 42 30
8 29 46 54 41 18 27 43 28 16
2 43 4 13 34 10
4 11
1 52
2 16
5 25 23 60 16
4 61 34 29 58 7 32 49 59 33
8 45 19 13 20 9 23 29 36 21
8 56 50 58 23 11
6 6 9 59 50 45 20
8 10 21 36 14
9 43 18
10 7 46 6 45 14
2 24 20 39 33
7 39 4 52 55 12 16 20 24
8 57 14 53 26
2 47 11 34 44 61 59 58 45
10 35 4 20
1 45 46 39 49 61 29 10 37
10 41 31 57 50 17 44
2 17 27 23
2 32 44
7 57
8 49 26 21 34 18 48 14
8 49 37 10 1 20 6
3 60 58 50
10 44 6 38 29
5 16 62 52 11 49 57 4 30 5
1 31 4 27 32 62
5 21 29 16 51 39
9 45
2 43 41 53 37 32 13 25 6 12
6 23 45 15 24 1
8 0 35 41
2 10 32 20
4 37 30 62 60 34 47
2 25 21
7 56 52 50 14 20 39 9
1 29 56 50 58 42 19 27 1
8 14 24 3 52 31 45
4 51
2 39 21 0 4 6 49 57 61
8 48 0 62 13 22 59 32 30
1 54 36 40 48 49
8 20 21 3 5 61 36 57 9 7
6 25
1 24 48 43 33 22 6 3 31 29
9 60
10 14 11 47 33 23 25
9 10 5
9 53 3 42 54 2 12 63 37
8 53 25 41 8 14 16 1
7 20 34 63 55 54
9 11 47 4 57 16
6 31 52 35 25 29 0 63 15
4 42
10 26 59
7 54 27 1 45
4 40 37 28 38 7 61 16 39
6 54 39 34 61 21 26
1 27
5 29 7 28 55
10 61 20 26 51 7 33
8 15 47 33 48 42 13 62 63
10 47 18 49 12
4 44 25 21 36 15 3 9 61 14
6 44 12 40 47 48 14 53
6 6 27
3 11 62 53 49 22 59 14 50 5
3 3 1 43 55 7
1 11 23 43 2 51 40 58
8 39 25 58
2 6 50 13
2 51 16 0 15 10 21 5
8 44 51 46 56 43 23 3
9 22 0 6 61
1 40 55 28 57 1 36
9 25 5 30 46 12 31 0 1 33
7 24 49 46 18 31 9
8 37 58 60 13
7 30 54 19 46 41 56 34
8 25 3 20 32 59 31
5 38 18 7 25 11
5 11 41 29 55 27 46
10 6 0
4 17 30 29 31 8 16
6 39 4 40 13 0 32 54
8 5 15 48
6 61 32 35 1 42 36
7 63 47 32 24 12 45 54 29
2 21 20 15 38 43 17
10 8
9 33 63 11 16
6 42 43 36 25 62 50
7 52 32
9 23 55 4 61 38
1 9 27 6 45 53 52 2 21 63
4 42 17 5
2 46 8 63 50 14 0 18 17
5 14 27 10
3 46 50 32 52 26 23 7 35 55
1 17 25 13
6 12 32 33 48 21
2 2 5 10 3 37 12
5 15 14 48
8 22 48 35 11 52 2
7 52 38
1 57 21 40 34 37 14 0 11
8 26 52 23 60
7 2 25 44 61
3 32 10 6
1 16 30
1 42 41 23 63 62
1 29 45 7 3 43 30
5 31 18 35 7 0
5 25 2 16 39 63
6 29 26
2 62 54 31 13 63
10 10 6 29 28 12
4 27 35 29 57 49 32 15 56
8 1 54 44 58 42 20 45 33
6 9 25 39
7 47 56
10 57 22 35 26 17 20
1 56 47 62 18 13
5 17 31 26 45 57 4 44
9 4 36 56 9 50 0
3 2
7 47 41 37 4 15 56 46 31
9 63 7 29 57 3 24 59
10 55 2 40 22 14 46
8 40 50 8 38 0
5 28 54 37 25 19 48
4 6
6 62 6 14 17 25 58 48 29
9 56 48 24 35
5 20 23 37 50 39 27 4 7
5 23 15 12 53 63 9
1 24
8 11 22
6 54
3 53 2 1 25 30 33
6 15 11 28 63 33 9 48
8 56 4
5 30 16
4 47 26 30 14 10 3 17 24
6 41 29 4 43 48 59
6 33 36 15
4 46 47 28 25 54 10 49
2 53
1 61 15 40 60
10 37 7 10 21
3 28 9 8 34 56 18 14
10 50
1 34 28 42 33 56 11
5 57 14 33 21 18
5 49 19 37 9 6 55 56 58 62
5 5 15
5 15
8 18 31 0 46 40 42 49
1 55 5 61 31 1 63 36 4
4 10
4 50 0 56 32 62 7 55 17
9 34 47 36
6 38 22
8 18 32
7 22 6 28 42
10 29 33
9 16 46 49 55 56 1
9 2 36 17 19 51 5 48 45
4 47 29 19 40 57 45
6 21 52 25 42 36 24 0
5 10 38 62 22 37 41 26 60
4 33 22 41 5 27 21 37 6 48
4 56 26 7 39 44
1 17
7 40 50 38 47 49 48 51 3
8 21 6 2 24 10 56 39 41 34
6 43 14 2 15 21 40
1 37 33 50 25 36
5 53 33 10
5 18 40 25 47 7 63 5 49 53
3 34 19 28 55 0 11 2 16 1
9 45 46 9 21 60 3 14 7
7 1 52 12 50 6
9 62 24 32 19 30
1 58 15
4 25 51 34 36
1 24 1 6 8 45 38 25
2 18 48 14 59 8 41 34 31 4
8 59
10 46 61 14 59 2
1 63 56 12 49
6 12
1 3 53
9 40 33 28 53 52 61 4 63
6 57 52 59 60 51 21 5 15
9 29 25 11 24 17 6 10 22 4
10 54 42 13 29 30 36 61
10 10 59 30
2 7 38 20 11 33 32 27 8
9 14 40 5 52 43 4 32 49
5 59 4 45 58 16
9 41 61 35 26 43 19 57 24
2 41 6 59 31 52 61 54
10 51 15
5 33 38 22 31 51 8
4 3 54 61 58 34 25 7 51 1
2 51
6 17 62 9 61 44
7 37 19 40 11 33 39
7 38 25 23 10 34 51 50 44 47
4 43
3 62 29 16 11
8 54 63 62 47
4 45
5 18 48 55 56 27
3 6 16 28 45 25 23 57 36 11
8 55
10 21 32 52 55 38 48 4
10 56 54
7 47 55 12 28 61 49 29 54 53
7 61 63 33 42 22 48 31 38 30
8 13 52 34 2 60 31
9 51 15 31 59
10 49 13 56 0 7 62 26 21 51
5 39 50 32 1 16 62 10 48
10 41 25 57 18 42
1 52 55 60 37 41
6 31 40 59 7
6 41 8 2 46 5 51
10 57 26 12 25 39 29
6 40 20 37 28 49
3 9 19 28 7 38 5
7 37 43 15
2 24 55 25 62 45 58
2 34 15 25 22 53 52 11 4
3 15
8 27 59 37 6 10 32
5 5
2 33 23 35
5 8 21 55
5 28 14 37 54 4 15
9 11
3 22 30
3 62 23 32 1 35 19 61 24
5 59 58 31 35 1 60
10 14
6 54 36 43 9 49 62 45
5 46 12 45 35
10 41 57 37 2 8 40
10 38 3 14 41 48 13 12
8 19 57 8 25 60 24
1 23 52 34 22 44 43 2
3 11 51 20
3 59 52 12 29 8
4 49 51 58 54 42 2 8 48 15
1 31 63 37 4 17 58 6
3 27 25 29 28
6 56 46 38 53 50 2 11
8 61 4 38 28 0
6 27 33
3 39 59 10 43 6 52 45 14
8 42 3 14 56 16 29 6
9 9 25 34 30 1 24 15 8
8 62
9 17 23 54 30 43 25 18
7 5 32 1 4 14
3 34 44 61
6 16 43 52
9 7 31 14 10 3 53 6
7 14 22 61 54 9 2 52 58 20
1 23 44 46 60 49 57 47
1 36 20 49
3 61 30 47 19 29 42
8 30 56 5 9 60 21 57 39 10
3 25 17
5 9 16 62 14 58 42
2 0 39 60 17
3 24 20 52
9 21 32
6 31 36 43 0 60 14
8 57 53 50
2 50 54 18
5 55 22 7 3 51 29
6 42
4 45 37 53 4 57 44 32 28 9
4 18
2 58 40 44 55 25 33 39 19
10 24 62 52 29 34 26 41
4 51 11 27 8
10 41 52 17 5
1 23 61
2 53 48 55
8 15 53 32 37 57 20 13 51
3 57 50 13 17
7 27 25 0
1 15 40
2 41 28 16 51 26 47 30
10 59 4
7 54 6 37 5 28
5 35 59 26 23 12 17 54
5 63
2 27 25
10 62 9 5
5 36 25 41
4 35 30 22
7 59 57 4 47
3 29 34 36 13 62 28
7 41 44 62 43
7 47 11 0 39
3 10 34 2 45
4 14 27 10 56 51 36 57 19 43
2 43
9 17 26 5
7 15 3 61 14 49 27 9 17 2
4 26 46 15 21 0 63 56 48
7 57 8
5 44 47 21 46 35 33 17
6 29 24 12 62 39 42 53 60
5 54 29
3 46 36 56 47
9 4 23 2 12 31
9 12 7 52 62 20 54 30 58
10 61 14 16 55 32 45
8 20 21 37 36 1
9 31 8 61 41 42 48 38 58 32
9 29
6 21 7 50 3 28
3 9 10 7 53 8
10 56 38 22 11 44 59 12 39
2 63
9 57
2 46 4 60 9
3 54 47 40 4 28 6
4 5 42 24 17 21 31 61
4 34 2 59 29 14 49 10
10 42 46 57 44 50 21 20
9 6 42 32 21 35
10 52 21 2 61 9
3 0 41 34 36 7 57
8 11 46 48 42
9 14 10 0 17 43 35
6 11 48 21 8 13 54 3 1 39
6 1 2
1 34 20 38 1 33
10 37 9 32
8 36 42 4 22 31
3 1
2 40 28 1 27 18 37 42 22 50
7 33
4 19 30 5 31 47 50 58
2 39
10 12 60 21 62 9 50
3 20 43 16 36 5 38 21
9 61 13 57 46
7 10 57 9 38 34 11
2 30
5 30
6 62 33 61 4 51 56 37 5 49
2 6 41
1 25 14 24 21 44 51 59
4 3 24
5 3 57 30
2 25 42 38 23 49 13 31 5
5 5 27 17 48 0 1 21 35
5 56
1 34
10 56 43 3 46
2 51 33
7 33 50 16 39 14 57
3 62 29 63 33
9 58 37
6 9 5 22 53 40 28 16
4 39 6 18 38 46 14 37
9 25 4
7 20 48 28 37 52 22
4 24 9 50
10 1 23 25 20 18 0 11 26 8
5 55 3 2
2 62 33 53 11 5 51 37 24 17
7 12 49 9 13 19 58 22 17
4 54 59 34 11 6
7 18 51 1 59 56 42 10 22
10 42
4 7 32 16 35 20 48 63
8 3 5 15 50 40 28 34 42
3 48
9 24 19 29 8
6 12 39 44 49 28
7 27 53 20 55 42 36
10 15 43 49 5 42 7 45 9
6 10 39 17 45 12 18
5 56 10 35 25 40 52 60
3 27 25 38 15 11
1 4 44 42 22 30 62 53 36 49
9 7 48 42 31 28
8 15 5 46 41 28 60 30 37
10 61 1 37 42 63 40 60 11
3 35 30 27 37 18 1 39
5 56
2 41 20 38 23 49 10 55
5 29 21 41
2 45 32 18 17 15 4 1 57 21
3 16
2 58 23 47 42 21 57 17
1 39 35 34 24 56
4 25 37 31 13 11 3 51
9 43
10 33 8 59 12 49 55 7 52
9 17
6 57
9 22 56 18 28 62 37
5 26 49 4 5
7 16 52 27 63 12 18 56
5 32 2 22 16 45 18 10
9 5 38 42
4 51 54 14 47 3 19
5 34 5 19 10 58 45 43
9 43 3 27 24 39 33
2 43 6 51 14
4 3
8 36 24 31 29 41
8 46 4 45 43 27 19 30 61 50
3 37 52 60 50 58 41
4 22 54
8 59 6 49 52 5 4 53 22 23
5 46 62 37 11 6 13 10
5 13 30 22 55 16
7 15 5 25 0 11 31 10 18
1 12
10 2
6 2 37 60 34 19 46
1 47 18 39 3 5 10
7 59 49 9 52 51 27
1 5 2 16 46 50 1 48
7 44
10 31 48
4 21 63 43 31 58 49 60
7 23 48 59 17 56 30 36 53
1 36 10 32 35
4 37 63 13 54 42 50 34
3 52 3 54 37
2 60 52 54 43 12 40 2 46
10 55
8 59 20 50 32 17 23 48 15 55
7 2
7 33 45
4 39 40 50 43 57 20 63 12
1 44
3 39 31 45 27 40 4 43 29 50
10 15 34 23 29 38 59 47 41
5 20 62 24 9 48 29
3 59 35 12 23 43 33 8 34
7 58 7 41 47 53 49
10 23 43 44 45 57 16
3 18 0 7 19 27 39 20 24 2
10 11 33 53 48
2 54 11
6 56 54 60 22 62 39 42
2 26 58
6 10 53 19
8 36
4 30 52 29 27 17 51
1 9 31
6 44 32 3 52 2 48
3 27 26
2 3 11 4 15 33 57
2 22 42 10 51
8 11 53 32 35 18 7
7 2 21 36 17 32 43 25
5 34 14 12 45
8 43 12 54 15 31
10 57 34 54
6 6 37 38 23 60
5 7 21
5 51 10 49 38 50 16 60
8 9 29
1 55 49 4 60 20 3
3 61 38 34 32 17 35 41
6 18 23 54 63 8 55 62 44
4 60
5 32 38 54
8 40 11 25 1
2 37 17 46 40 53 28 43 29 54
5 17 50 14 5 30 18 44
4 36 29 37 52
3 45 53 13 26 11 1 12
2 29
6 51 18
4 12 21 30 55 47
10 23 29 37 10
6 10 39 42 17 46 38 15 9
9 31 21 27 54 11 30 15 59 13
7 8 40 12 41 5 62 36 35
3 46 3
2 22 8 25 0
7 32 53 24 37 35 9 46 57
8 55 13 62 47 33 24 43
1 18 17 61 13 39 11
10 49 61
5 30 51 62 61 7 16 1 13 24
1 48 50 53 44 1
9 32 23 15 24 37 31 47 9
7 17 61 45 10 21 52 20 27 7
4 3 35 8 50 31 32
4 52 35 2 33 15 59 13 38
10 55 59 3 53 40 39 31
10 11 59
10 60 50 15 28 14
2 50 15 43 40
4 7 2 41 48 17 23 18 28 0
10 8 27 39 5 42 38 1 55 53
10 50 21 20 12 37 44 39 45
3 50 8 35 55 11 22 41
6 50 0 7 58 23 51 54 40 33
3 35 36 57 63
7 24 47 52 40
9 63 33 55 30
8 14 24 2 56 0 43
8 1 22 11
3 46 61 25 21 48 37 9 34
10 27 21 24 38 29 0
4 32
8 59 1
7 56 3 7 36
3 32 17 2 24 42
10 24
4 28 42 10 51 17 31 11 43
4 51 18 54 28 25 45 42
1 11 34 31
6 48 7 47 28 22 6 11
6 21 49 44 39 48
2 3 7
1 53 62 54 40
10 58 3
2 25 18 56 5 15 24
6 19 30 13 58
3 38 0
10 4 55
2 43 48 46 12 14 10 5
9 2 57 30 25
7 41 27 10 52
3 26 30 2 9 56 49 53 38
3 43 55 33
7 40 54 27 21 39 31 16 2
10 24 55 6 53 16 44
8 37 41 49 27
1 6 0 28 43 20 5 48
5 17 60 35 45 42 56 47 15 31
2 0 31 18 55 24
9 58
8 34 23 43 40 18 15
10 48 17 12 55 37 24 58 2 29
5 25 46 36
6 39 58 43
2 42 5
1 11 46 51 13
9 3 33 31 11 12 50
7 41 19 49
9 56 43 33 32 44 53 18
1 43 36 20 6 59
9 55 20 4 17 39 14
10 44 23 33 5 13 55 34
9 20 28 14 32 48
8 46 31
7 33 31 9
1 45
10 28
8 52 51 58 4 23 50 53 33 26
10 45 5 48 26 1 22
3 11 17 59 5 19
8 36 63 15 52 3
6 26
7 26 39
7 40
9 52 45 3
1 7 37 48 25
9 31 57 50 32
8 28 36
10 37
6 37 62
4 24 35 32 36 55 58
9 47 3 22 20
3 49 24 22 29 27 56 23
8 35 23 8 54 63
1 30 4 21
7 44 43 42 34 35
10 18 36 9 15 8
3 55 36 16 14 5 23
8 22
1 17 56 21 47
4 35 30 55 36 17 3 46 41 1
1 37
10 21 38 9 62 27 20 8 13 34
3 13 27 48 29 34 15 28 33
8 56
1 44 47
7 28 27 2 52 17 21 57 53
3 1 28 3 6 5 13 16 25 9
4 29 50 51 54
7 22 47
2 52 3 19 21
10 6 49 48 40 63 54
6 19 40 13 55 27 3
3 50 58 7 3 39 49 11
9 50 18 39 35
3 29 10 60 38 8 15
10 40 10 32 58 56 63 51 2
1 28 8 39 32 58 20 26
10 6 14 60 4 19 49 22
8 31 45 20 9 12 25
3 2 19 46 51 45
1 13 4 14 28 5 63 60 22
6 45 59 12 8
8 0 34 49 37 12 14 25 16 32
4 34 38 37 8 7 0 63 1
5 58 46 10 52 26 17
5 55 29 62 61 45 30 48 7
4 47 40 43 61 41 35 49 33 50
2 35 16 30 32 22 29 55
4 39 34 40 12 13 19 29 23
7 33 19 58 13
1 39 7 54 57 26 63 58 2 37
10 26 58 17 54
9 3 37 0 14 16 4 38 54
2 43 40 38 49 10 37 45 39
9 28 60 5
4 52 22
6 10 27 34
6 1 20 24 49 19 40
7 32 13 5 28 63 44 56 46 40
10 33
3 27 41 37 3 32 55 12
8 39 25 52 24 27 48 43
9 48 5 44 42 17 36 0 2
2 23 48 50 42
9 46 19 38 54 41
3 40
1 40 14 60 58 5
8 12 39 32 10 52
6 60 44 28 59 29 34 37
2 5 37 29 24 56
2 36
2 36 19 53 61 3 11 29 42
9 12 6 19 52 20 51 28
8 36 0
10 26 37 23 48
8 59 12 25 19 41 29 17 9 21
1 17 58 15 50 54 55
5 45
6 46 26 8
10 3 47 56 26 63 60 34 39
5 18 11 51 47 59 56 32 37
8 37 51 22 59 31 41 8 34 9
4 26
10 50 53 58 30
10 57 62
10 55 29 54
4 30
2 42 16 17 31
10 59 54 35 63 42 52 6 58
5 52
4 28
9 34 21 33 35 19 10
3 25 12 59
6 57 8 62 43 21
6 14 30 42 57 19 13 50
8 21 18
8 2 57 24
2 14 7 21 35 60 13 3 24
10 27 63 8 25 42 52 0 7
1 50 10
2 14 25
7 40 10 22 9 62 54
3 17 51 0 16 42 50 7 46
5 27 63 39
7 38 36 24 13
2 9 5
10 48 12 60 49 53 22 44
5 11 45 63 22 24 17 8 33
9 45 6 34
1 2 52 55 56 48 11 7 60 46
2 41
7 30 4 11 59 1 23 9 16 6
6 37
9 7
6 18 22 28 30 52 51 2 29 27
2 24 46 41 40 31 15 10 55 25
6 20 12 50 18 2 51 11 46
1 53 4 47 1
8 47
5 20 47 57
4 36 34 6 8 30
8 49 14 36 34 43
1 30 19 51 23
3 13
5 26 7 35 46 12 0
9 42 46
3 15 54 43 52 59
2 13
9 39 61
5 63 13 0 26 4 34 38 51
8 38 11 14 24
5 18 7 25 50
3 35 52
7 54 11 36 16
4 51 62 47 20 10 39 31
1 9 36 37 61 12 41 26 18 43
2 50 9 45 15 44
9 49 18 33
7 57 26 58 10 59 40 33 35 54
10 17 16 30
1 4
4 49 52 45 38
5 53 14 58 4 26 7
1 17 44 47 23
1 29 50 11 34 32 17
3 20 48 28 21 42 8 62 26 55
3 5 45 51 62 53
10 20 42 52 62
4 2 37 61 16 29
4 47 21
4 28 34 35 7 39 29 19 20 55
2 26 57 54 6 28 53 23
10 6 37
2 28 62 17 50
2 21 46 12 39 51 62 17 37 10
7 39 25 23 15 36 43
5 21 56 18 43 7 17 52 60 35
5 12 36 60 22 58 14 57 38
3 7
7 39 56 10 37 3 49 5 31
10 21 4 49 33 48 59 62 25 8
9 7 4 52 10 57
1 35 29 34 60 12 14 22 58
2 12 54 36 59 35 33 5 44
6 54 50
10 23 25 38 3
4 0 24 34
5 13
9 39
7 7 32 49 13 5 27 61 51 6
8 45 58 23 3 30 60 16 8 35
1 10
5 11 30
8 21 44 46 30
8 34 43 44 45 20 53
8 25 45 34 52 18 42
2 19 3 2 60 34 17 27
2 9
9 50 44 4 61 7
10 14 33 53 58
2 7 49 28 51 6 3 54 9
4 6 37 44 51
8 57 17 62 0 50 7 48 51
3 59 44 33 27 60 39 0 40 38
1 11 45 13 57
4 47 23
10 6 0 60
7 13 17 33
6 7 47
8 23 10
3 9 14 11 41 38 7
2 48 37 50 10 38 21 52
1 15 58 23 45
8 6 30 57 3
4 20 37 31 60 22 23 32
9 4 39 38 12 19 20 9 44
7 17 10 24
2 18 20 22 54 41
7 51
8 51 49 62 54 14 26 2
5 5 23 55 3 19 38 45 46
9 42 56 12
9 51 22 50 32 11 30
10 46 62 18 14
4 51 25 54 16 7 10 60 63
7 10 63 38 39
4 46 32 19 45 0
7 43 10 33 15 17 25 34 36 4
8 32 12 25 5 37
1 60 14 9 46 26 19 17 27 57
9 27 3 47 56
4 39 21 40 10 17
5 23 20 15 51 57 13
1 36 1 2 43 41
9 27 29 15 44 47 33 34
7 50 45 6 32 34 55 26
9 10 4 40
6 49 17 4 25 38 36 30
9 62 54
5 10 17
4 60 49
6 39 45 41 47
7 46 3 11 24 8
7 46 63 44 38
4 44 13 50 32 39 7 59
7 24 53 14
5 56 61 31 62 20 24 8
8 53
2 30 44 49
6 59
7 16 38 30 39 9 25 63 51 57
4 55 26 33 18 32 28 39 35 2
7 51 14 5 63 18 2 37 35 43
1 16 28 40 1 7 36
5 32 33 23 9 29 59 25 47 7
6 12 48
7 48 31 22 29 2 26
