32 8 512
9 19 24
8 4 5 30 13
3 23 5 11 9 14 19 24 21
3 6 26 24 11
8 17 0 29 15
7 3
10 0
2 17 12 31 25 20 28 19
1 6 10 28 5 24 16 21 14
9 11 31 16 18 9 29 14
7 3 11
3 5 21 2 19
9 21
3 21 7 13 30 22 24
8 10 13 6
5 30
4 19 25 2 14
5 25 30 1 19 16 27 23 9 5
2 25 2 12 18 21 14 15 29 8
10 19 6
5 0 7 23 14
8 22 8 25 23
5 20 15 1 2 16 8 26
1 17 28 25 18
6 2 10 30 26 6 12 14 23
9 15 6 24 31 16 11 27 14 19
9 22 26 8 0
8 26 6 4 5 3 14 16
4 25
2 26 9 11 25 8 6 20
2 17 11 23 0 22 25
4 0
1 27 30 6 3
5 19
6 0 31 24 7 13 4 16 14
7 15
2 20 14 22 12
1 16 7 8 21 3 19 31 23
4 22 0
6 24 25 29 6
5 21 4 12 27 10 25 13 15 1
1 8 18 27 15 28 11
1 7 4 8 6 27 13 30 25 14
8 4 30 21 31 16
1 13 21 22
3 29 9 26 14 27 6 7 24
8 26 5 25 12
4 12 3 26 19
4 13
9 13 3 14 20 11 29 7 22 18
4 1 13
7 26 21 20 16 31 24 27
5 3 10 2 25 29 7
2 16 24 5
8 31 19 3 2 20 14 22 4 30
1 14 29 6 12 4
6 14 31 13 12 30
10 25 21 12 0 22
3 17 16 7 13 4
7 11 3 28 16 25 8 5 18 13
9 13 19 31 30
9 5 6 9 18 24 4
2 18 22 1 8 6 11
3 0 7 25 27 16 19 18 3 14
9 10 12 14 6
9 22 17 19 2 28 25
2 22 3 26 16 28
8 16 18 19
10 6 2
2 4 25 23 22 21 8 19
5 30 13 10 2 3 29 21 24
6 29 19 5 6
8 24 13 14 27 21
9 0 7 2 1 31 12 10 3
5 19 0 31 24 28 25
1 6 1 30 31
1 28
4 22 21 31 4
6 17 9 14 1 21
6 31 26 21 22 23 19 4 20 11
4 23 24 22
1 12
3 20 25 28 12 13 6 7 14
6 4 22 6
4 21 13 26 20 23
10 7
10 1 19 0 24 15
1 14 4 3 28 19 21 1 15
6 12 7 25 10 31 24 1
6 28 4
8 7
4 12 17 18
2 6 24 11
6 16 18 10 19
8 28 17 6
8 24 28
6 27 13 29 14 28 12 1
6 29 18 6 9 19 7 17
8 28 3 29 13 18
2 3 24 29 25
9 23 25
2 14 22 13 30 29 20 0 16 24
1 28 21 24 9 19 4
8 11 21
2 5 14 6
2 31 3 21 22 12 28 13 10
1 26 16 19 30 20
10 7 1 12 22 3 27 28 6 21
10 12 0
6 31 5 8 23 9
8 23 4 9 21
8 24 19 14 28 13 11 7
5 7 4 24 20 28 16 3
10 27 26 5 29 9 17 2
3 2 12 22 30 21 15 18
9 7 29 31 30 11 17 26 24
8 22 17 14 13 25 28
5 15 1 2 3 29 31
10 20 13 17 1
10 29 21
10 5 10 27 23 4 6 26 13 9
1 7 11 18 13 30 8 28
9 29 6
6 17 10
5 19 15 24 5 18
6 16 17 5 20 23 29 2 1 11
10 8 5 27 4 11 17 15 1
4 23 19 27 12
1 25 24 9 30 7 15
5 3
1 12 24 13 4 17 0 15
9 15 17
9 13 3 19 23 9 12 26
5 20 26 6 10 2 8 18 25
5 30 13 0 24 15 1
1 17
8 11 22 9 21
9 16 5 12 27 19 8 24 23 30
10 16 8
5 10 3 2
1 14 13 17 29 15 12
5 3 12
7 22
9 7 17 23
8 16 4 29 15 26 19 23 7
4 0 4 21 20 3 18 5 11
6 0 30 2 14 12 6 22
6 5 13
4 31
8 7 26 29
5 7 24 26 3 27 19 20 0 14
8 8 24
8 16
3 14 2 3 23 28 0 7 13 21
6 28 14 10
4 3 31 27 5
4 17 25 13 19 10 7
6 25 27 1 26 5
10 4 10 2 8 27 26 28
5 13 28 14
3 4 25 24 11
5 27 18 19
3 16 8 13 22
1 13 9 5 27 25 2 19 16 23
8 17 23 14 13
10 30 8
6 19
8 28 6 1 10
3 5 3 13 28 7
5 26 22 5 25 28 4
8 1 17 15 18 9 3
3 26 3 0 4 8
8 29 23 15 0 12 19 7 8
4 25 10 11 17 1
8 11 24 8 13 3 17 21 12
6 27 5 14 6 24 20 25 28
5 21 24 0 15 8 19 9 5 28
8 1 3 16 0 8 19 14 9 11
6 22 9
7 15 1 3 23 10 4 26 7
6 3 21 18 22 31
5 19
8 29 21 28 22 26 20
9 18 14
3 10 23 6
2 10 27 28
7 22 0 23 21 12 20 25
8 22 27 29
4 7 13 27 19 28 12 26 30
9 26 27 9 5 13
3 6 3 20 24
10 30 26 18 13 3 24
9 24 15 30
7 8 3 18 7 16 17 26 27 31
3 8
1 18 15
1 25 26
3 4 9 15 23 8 20 26 11
10 26 30
7 11
2 16 3
6 12 21 8 30 20 0 22 3 27
6 18 12
9 9 7 30 17
9 7 18 21
1 29 21 8 4 3
7 30 16 21 28 14 5
2 28 4 15 3 27 31
2 16 1 2 15 19
2 4
8 1 0 16 18
10 18 12 10 15 8
2 22 25 4 9
10 30 2 26 4 28
2 3 26 7 31 12 25 15 10 24
3 21 2 30 9 6 18 15 4
3 8 17 19 20 26 11 30
3 14 22 1 3
7 8 17 23 25 10 0 1
1 18 2 13 15 6 24 0 27 11
10 10 29 24 19 4 0 12 20
8 3
9 5 1 3 19 24
8 20 14 8
4 4 17 7 27 6
6 24 28 18
7 22 12 0
3 3 1 14 25 15 0 23 19
2 5 30 8 12
4 23 19 3 20 25 9 21 30
6 1 25 30 5 15 19 17 13 22
4 10 17 13 24 28 12 27 25
6 27 1 9
6 19 17
4 6 9 4 12 17
6 23 11 5
1 6 26 25
10 2 26 18 30 25 24 3 12
8 9 15
2 30 12
10 11
6 29 12 9 10 3 5 4 8 11
9 12 3 4 25 16
5 30 4 14 29 16 0 18
10 6 22 23 7 16 13 11 8
1 17
1 11
8 1 12 13
9 15 18 17
8 15 10 3 9 29 13 17
9 6 5 18 15 27 13 0 12
7 21 11 25
10 19 5 31 22 2
10 18
8 3 0 15 14
2 22 3 2 11 26 4 12 6
5 13 26
8 5 0 10 7 1 25 27 17
5 7 19 31
6 27 24 9 12 5 13 2 17 25
8 19 23 2 10 14 15 26 16 7
1 15 27 18 21 12 26 22 3 2
9 18 31 27 23 6
8 24 21 29 8
2 19 5 22 17 11 0 20 4
2 18 3
5 4 17 10 0
10 0 16 9 5 10
7 8
9 18 12 24
1 29 0 1 8 11 23 28 10 27
8 21 11 5 9 26
9 17
9 26 20 12 11
1 16
10 15 10 14 26 28 30 24 8
7 5 13 30 22 9 15
5 28 15 7 6 14 31 25 13 21
9 14 0 20 22 30 24
7 6 20 5 1
9 18 3 2 9 15 8 10 26
4 21
3 19 4 8 17 26 13 15 10
4 30 21 4 9 2 15 17
4 8 14 12 16 0 1 24 4 26
6 24 27 11
5 14 31 13 6 11 20 8 1
1 19 9 26 6 20 0 18
10 16 25 1 31
5 23 9 14 15 5
1 14
5 22 26 23 0 25 2 30 9
10 12 2 20 26 11 27 25
1 22 4 16 19
6 16 9 23 24 20 28 14 15
1 6 17 7
1 3 4 10
1 26 30 2 29 8 10 6
8 28 0 20
10 10 8
7 0 16
7 15 20 28
6 5
6 10 23
6 30 7 20 25 23
2 27 29
4 7 11
3 27 21 12
5 21 8
2 29 13 18 28 15 3 26 2 22
5 21 15 31 1 5 4 18 20 11
1 29 16 12 17 11 23 6 13 7
5 10 31 30 24 1 27 4 0 2
10 8 0 15 16
6 21 13 27 5 17 2 3
5 2 4
3 3 6 20
9 1 30 11 22
7 26 31
10 12 14 22 13
3 30 1 0
3 14 24 13 4 19 11 28
9 0 13 8 11 25 10 9 15 26
1 8 1 17
6 11 13 26 3 12 22 27 2 19
7 21 13 2 28 16 0 9
7 29
10 26 5 1 4 30 23
6 8 27 24 10 28 9 5 15 20
7 15 0 6 13 4 8 23
5 18 17 12 1
3 26 30 28 22
1 3 6 15 17 25
9 15 8 9 4 23 12 21 18
1 4 13 24 23 15
10 0 23 12 7 24 25
1 19 1 4 9 10 11 26 7 8
7 31 2 4 5
1 22 20 1 17
7 22 23 10
5 18 6 8
2 13 22 17
7 1 29 9 17 14 12 7 30
7 5 16 21 0
10 2 26 7 13 20 16 24
10 28 12 0 21
2 7 1 8 21 30 17 22 28
6 6 5 7 29 23 30
3 12 17 24 18 30
2 7
2 8 7
3 15 3 6 9 11 30 24 2 12
3 11 28
8 14 24 27 19 10 6 29 28 30
3 4 0 26 16 25
7 22 0 23 27 16
9 25 20 4 8 1 10 30 5
3 26 27
3 22 0 20 16 12 27
10 15 13 7 6 4 22 9 27 11
4 21 18 8 9 17 25 4 16 31
7 26 23
9 19 21 6 31 27 3 26 24 22
6 25 16 14 10 7 12 20 24
8 21
2 18 6 22
4 22
5 5
2 10 25 31
9 20 29 25 19 12 18 21
2 16 2 20 6 29 5 25 12
2 0 21 30 25 5
3 3 16
7 7 22 23 6
10 26 19 15 0 17 11
2 21 31 27 18 16
2 11 23
9 19 2 21 7 23 28
9 28 1 2 16 11 14 19 7
2 4 20 14 7 27
9 14 26
3 13 7 1 20 9 30 19 26
4 28 9
6 6 26 19 10 7 27 3
3 22 21 1 17 14 18
7 5 25 20 19 9 21 16
3 3 15 30 17 18 10 25
9 11 7 26 0 18
5 11 6 17 0 23 16 26 10 29
3 21 3 23 6
2 30 28 19 6 17 12 5 21 0
8 14 28 22 1
3 26 23 28 11 1 5 25 0 16
5 31 19 4 28 7 13 6 18 23
2 12 17 22 16 18 2 6
1 10 26 18 4 31 8 2
5 29 3 13 19 30 31 23
9 22 18 24 12 26 5 11 30 13
3 1 9 21
8 23 4 2 3 11 13 18 20
7 29 11 28
10 28 31
7 27 17 26
10 7 8 9 30 22 24 20 21 2
1 26 16 24
3 16 23 9 26 18 13 2
9 27 25 2 0 12 13 16 30 7
10 14 2 30 1
8 4 8 11 1 6 20 30
9 11 7
7 22 8 31 25 30 12 17 0 7
1 26 7 13 21 27 9 4 28
9 26 29 11 17 20
6 13 16 21 2 23
10 20 9 24 11 18 5 31 16
9 7 24 15 8 1 2 20
10 5 22 10 19
8 19 4 2 25 14 27 29 0
1 29 26 18 21
10 26
8 9 29 2 18
4 18 27 10 22 29 11 25
1 25 15 8 31 18 23 26 17 1
7 20 0
9 26 14 31 9 8 13
7 15 6 29
8 31
10 15 14 12 17 5 29 7 13 19
5 18 16 9 5 19 29 31
10 13 28 27 20 1 12
10 15
3 26 3 10 21 24 0 20
10 3 29 25 9 7
5 3 12
3 30 22 18 29 1
1 21 10 30 13 18 29 24 9
5 2 19 4 0
7 22 26 6 15 31 25 12
3 31 4 26 3
7 6 1 30 10 16 26 29 23
7 11 6 29 24 7 9 3 30 1
7 14 28 6 19 4 17 18
9 11 12 17
9 3 21 6 26 18 31 27
2 4 1 6 29 10
6 7 4 22
7 4 31 17 30 18 14 15
9 27 10 9 1 26 25 6 3 13
10 3 2 30 26 23 0 11
5 19
9 21 26 22 7 18 13
5 19 27 28 25 16 31 10 12
8 13 11 30 28 4 8 10
3 26 23 1 18 17 4 29
3 17
7 13 7 2 22 21 31 16 28 25
1 14 2 27
3 0 12
6 1
4 8
2 15 1 12 27 3 18 22 23 21
6 14 15 22 29 30
9 25 19 12
6 11 29 25 28 14 18
4 12 21
2 17
4 2 6 3
9 24 2 20 15 1 11
7 26 28
3 26 0 2 17 24 13 8 31 29
8 10 20 17 4 19 5 3
7 30 0 17 20 27 22 13 4
7 21 4 25
7 22 10 0 2 5 11 23 7
4 30 31 8
10 20 30 24 29 17 19 10 15
7 7 5 9 2 12 3 17
8 14
2 3
5 7 20
5 2 7 23 3 29 19 9
2 10
4 5
8 16 6 25 17 19 22 28 8 31
1 27
1 23 20 9 13
7 6 9 23 16
7 0 23 25 21 12 14 29 27 31
10 31 17
8 30 16 21 23
9 29 18 11 24 12 0 28 22
3 8
9 1 27 18
9 30 5 26 27 7
6 13 24 10 21 26 29 30 9
10 5
8 1 10 29 14
9 15 27
6 0 16 3 1 21 18 20
6 6 24 22 27 16 11
10 9 29 20 21 30 5 4 2
1 23 4
3 26 13 20 30 0 1
6 13 6 12 25 29 10 27
4 26 17 9 2 27 25
2 0 16
7 17 6 19 4 7 8
8 6 23
3 10 6 20
6 16 21 24 5 30 28 31 10
2 4
5 18 15 11 19 2 10 17
